




arguments: ./build/bc_mirp -f ./input/orig_exec_61.cfg
Current dir: /scratch/gui/bc_mirp
File verbosity level: 9
date       time         ( uptime  ) [ thread name/id ]                   file:line     v| 
2021-02-07 02:22:01.376 (   0.074s) [main thread     ]             loguru.cpp:789   INFO| Logging to './output/vi_vc+vr/OU/V3/Original/execution_07_02_2021_02_22_01.log', mode: 'a', verbosity: 9
--------------------------------------------------------------------------------
Parameters
                           instance_path           ./input/Instances/Original/2/
                            model_policy                                       1
                             nb_vehicles                                       3
                              output_dir       ./output/vi_vc+vr/OU/V3/Original/
                            sec_strategy                                       1
                       solver_nb_threads                                       2
                         solver_show_log                                    true
                       solver_time_limit                                    3600
                              use_vi_cos                                   false
                              use_vi_cus                                   false
                         use_vi_hc1_full                                   false
                         use_vi_hc1_half                                   false
                      use_vi_hc1_quarter                                   false
                              use_vi_hc2                                   false
                              use_vi_hc3                                   false
                         use_vi_lex_full                                   false
                         use_vi_lex_half                                   false
                      use_vi_lex_quarter                                   false
                              use_vi_qua                                   false
                               use_vi_vc                                    true
                               use_vi_vr                                    true
--------------------------------------------------------------------------------
executing instance: ./input/Instances/Original/2/absH3high_3n40.dat
--------------------------------------------------------------------------------
Instance details
n	41
H	3
C	3283
Li:
[0, 0, 0, 0, 0, 0, 0, 0, 0, 0, 0, 0, 0, 0, 0, 0, 0, 0, 0, 0, 0, 0, 0, 0, 0, 0, 0, 0, 0, 0, 0, 0, 0, 0, 0, 0, 0, 0, 0, 0, 0, ]
Ui:
[0, 63, 111, 99, 96, 111, 282, 122, 156, 261, 42, 192, 126, 42, 162, 207, 159, 122, 102, 190, 118, 102, 132, 102, 165, 252, 66, 52, 22, 114, 210, 176, 116, 294, 78, 152, 210, 45, 130, 198, 174, ]
Distance matrix:
|0	208	225	252	227	143	258	127	267	150	28	83	163	286	57	149	201	137	214	255	70	73	107	186	328	266	249	343	222	177	293	144	262	215	167	120	169	218	143	173	255	|
|208	0	397	355	416	198	216	99	211	275	193	172	97	166	240	225	362	109	277	314	182	216	273	374	298	208	319	161	14	103	93	120	58	196	152	156	372	227	260	218	453	|
|225	397	0	427	53	364	482	343	492	129	253	225	382	386	171	188	39	291	187	195	295	182	282	55	326	491	180	551	408	315	457	366	455	275	392	244	221	439	341	214	101	|
|252	355	427	0	401	158	201	263	219	396	234	328	259	498	299	400	420	354	465	506	205	324	152	374	574	219	499	393	366	389	446	235	378	456	205	359	224	150	111	423	400	|
|227	416	53	401	0	357	477	352	489	165	253	245	389	424	179	223	85	315	234	245	293	200	264	42	375	488	231	565	428	344	484	370	474	314	392	270	184	430	325	252	50	|
|143	198	364	158	357	0	121	105	134	290	116	196	103	342	200	276	343	205	343	385	74	210	112	319	432	133	382	265	209	237	290	78	226	313	57	220	232	75	69	292	375	|
|258	216	482	201	477	121	0	168	18	397	230	293	135	381	314	372	459	275	437	480	188	317	228	439	501	18	479	197	222	296	290	132	212	386	95	306	347	58	173	381	496	|
|127	99	343	263	352	105	168	0	171	239	105	130	40	237	173	206	313	109	270	312	84	164	175	310	337	169	313	216	112	135	192	37	142	220	77	138	280	155	162	213	382	|
|267	211	492	219	489	134	18	171	0	404	240	298	136	376	323	376	468	276	441	483	198	324	243	450	500	2	483	181	215	294	281	136	202	386	102	309	363	75	189	384	509	|
|150	275	129	396	165	290	397	239	404	0	175	110	279	259	97	59	91	166	84	116	217	80	245	130	226	402	106	434	286	187	329	269	333	149	302	119	244	364	291	87	213	|
|28	193	253	234	253	116	230	105	240	175	0	94	139	286	84	167	229	136	234	275	43	96	98	212	341	238	271	320	206	175	281	118	244	225	140	128	180	191	124	189	280	|
|83	172	225	328	245	196	293	130	298	110	94	0	169	209	77	80	191	71	147	189	127	45	189	203	247	296	187	327	184	106	241	162	230	132	198	38	242	266	217	96	285	|
|163	97	382	259	389	103	135	40	136	279	139	169	0	253	212	244	353	141	307	349	110	203	194	347	366	133	350	183	107	161	187	27	124	251	56	175	306	133	169	249	418	|
|286	166	386	498	424	342	381	237	376	259	286	209	253	0	284	201	347	151	210	230	299	247	383	387	155	374	242	290	162	112	129	270	192	113	308	172	451	386	391	172	471	|
|57	240	171	299	179	200	314	173	323	97	84	77	212	284	0	112	145	147	170	208	127	38	148	137	299	321	201	386	253	183	315	195	297	195	222	112	171	275	195	142	214	|
|149	225	188	400	223	276	372	206	376	59	167	80	244	201	112	0	149	117	67	110	205	78	254	186	187	374	108	387	235	132	272	240	283	93	277	71	279	346	291	32	270	|
|201	362	39	420	85	343	459	313	468	91	229	191	353	347	145	149	0	254	149	160	272	150	271	66	290	466	146	518	373	278	419	339	420	235	367	207	227	418	327	175	135	|
|137	109	291	354	315	205	275	109	276	166	136	71	141	151	147	117	254	0	172	212	151	116	232	273	229	274	215	270	119	39	170	145	167	111	186	47	305	263	245	113	356	|
|214	277	187	465	234	343	437	270	441	84	234	147	307	210	170	67	149	172	0	42	272	141	317	205	144	439	43	437	284	175	307	305	331	99	343	132	327	413	357	60	283	|
|255	314	195	506	245	385	480	312	483	116	275	189	349	230	208	110	160	212	42	0	314	182	356	222	132	481	15	474	321	212	337	347	367	126	385	174	358	455	398	100	295	|
|70	182	295	205	293	74	188	84	198	217	43	127	110	299	127	205	272	151	272	314	0	137	91	253	370	196	310	292	195	188	274	85	226	252	99	155	197	148	94	223	316	|
|73	216	182	324	200	210	317	164	324	80	96	45	203	247	38	78	150	116	141	182	137	0	176	158	263	323	176	369	229	150	286	191	274	157	223	77	208	284	216	106	239	|
|107	273	282	152	264	112	228	175	243	245	98	189	194	383	148	254	271	232	317	356	91	176	0	231	435	242	349	371	286	271	365	167	315	321	164	224	120	174	61	280	274	|
|186	374	55	374	42	319	439	310	450	130	212	203	347	387	137	186	66	273	205	222	253	158	231	0	348	448	208	523	386	303	442	329	431	279	352	229	167	392	291	217	85	|
|328	298	326	574	375	432	501	337	500	226	341	247	366	155	299	187	290	229	144	132	370	263	435	348	0	498	147	441	299	206	283	374	338	119	414	215	465	492	463	157	425	|
|266	208	491	219	488	133	18	169	2	402	238	296	133	374	321	374	466	274	439	481	196	323	242	448	498	0	481	180	213	292	278	134	200	384	100	307	362	75	188	381	508	|
|249	319	180	499	231	382	479	313	483	106	271	187	350	242	201	108	146	215	43	15	310	176	349	208	147	481	0	480	326	217	346	347	373	135	385	175	347	454	392	103	280	|
|343	161	551	393	565	265	197	216	181	434	320	327	183	290	386	387	518	270	437	474	292	369	371	523	441	180	480	0	153	263	163	207	107	352	208	317	487	244	334	379	598	|
|222	14	408	366	428	209	222	112	215	286	206	184	107	162	253	235	373	119	284	321	195	229	286	386	299	213	326	153	0	109	81	132	48	201	162	167	386	236	272	226	466	|
|177	103	315	389	344	237	296	135	294	187	175	106	161	112	183	132	278	39	175	212	188	150	271	303	206	292	217	263	109	0	142	171	156	95	211	74	344	289	281	118	386	|
|293	93	457	446	484	290	290	192	281	329	281	241	187	129	315	272	419	170	307	337	274	286	365	442	283	278	346	163	81	142	0	212	79	211	241	214	461	311	353	254	525	|
|144	120	366	235	370	78	132	37	136	269	118	162	27	270	195	240	339	145	305	347	85	191	167	329	374	134	347	207	132	171	212	0	151	257	40	174	280	119	142	248	398	|
|262	58	455	378	474	226	212	142	202	333	244	230	124	192	297	283	420	167	331	367	226	274	315	431	338	200	373	107	48	156	79	151	0	245	173	214	421	237	293	273	510	|
|215	196	275	456	314	313	386	220	386	149	225	132	251	113	195	93	235	111	99	126	252	157	321	279	119	384	135	352	201	95	211	257	245	0	297	97	365	374	345	62	362	|
|167	152	392	205	392	57	95	77	102	302	140	198	56	308	222	277	367	186	343	385	99	223	164	352	414	100	385	208	162	211	241	40	173	297	0	213	283	79	126	287	415	|
|120	156	244	359	270	220	306	138	309	119	128	38	175	172	112	71	207	47	132	174	155	77	224	229	215	307	175	317	167	74	214	174	214	97	213	0	280	286	248	75	313	|
|169	372	221	224	184	232	347	280	363	244	180	242	306	451	171	279	227	305	327	358	197	208	120	167	465	362	347	487	386	344	461	280	421	365	283	280	0	291	175	310	176	|
|218	227	439	150	430	75	58	155	75	364	191	266	133	386	275	346	418	263	413	455	148	284	174	392	492	75	454	244	236	289	311	119	237	374	79	286	291	0	116	359	445	|
|143	260	341	111	325	69	173	162	189	291	124	217	169	391	195	291	327	245	357	398	94	216	61	291	463	188	392	334	272	281	353	142	293	345	126	248	175	116	0	313	335	|
|173	218	214	423	252	292	381	213	384	87	189	96	249	172	142	32	175	113	60	100	223	106	280	217	157	381	103	379	226	118	254	248	273	62	287	75	310	359	313	0	300	|
|255	453	101	400	50	375	496	382	509	213	280	285	418	471	214	270	135	356	283	295	316	239	274	85	425	508	280	598	466	386	525	398	510	362	415	313	176	445	335	300	0	|

--------------------------------------------------------------------------------
Building model...
	using lazy and cut (CVRPSEP package)
Solving IRP LP...
--------------------------------------------------------------------------------

Gurobi 9.1.0 (linux64) logging started Sun Feb  7 02:22:01 2021

Gurobi Optimizer version 9.1.0 build v9.1.0rc0 (linux64)
Thread count: 32 physical cores, 32 logical processors, using up to 2 threads
Optimize a model with 1631 rows, 8273 columns and 19283 nonzeros
Model fingerprint: 0x192e70db
Variable types: 524 continuous, 7749 integer (369 binary)
Coefficient statistics:
  Matrix range     [1e+00, 1e+03]
  Objective range  [1e-01, 6e+02]
  Bounds range     [1e+00, 3e+02]
  RHS range        [1e+00, 6e+03]
Presolve removed 725 rows and 285 columns
Presolve time: 0.09s
Presolved: 906 rows, 7988 columns, 17464 nonzeros
Variable types: 323 continuous, 7665 integer (7286 binary)

Root relaxation: objective 1.227243e+04, 917 iterations, 0.02 seconds

    Nodes    |    Current Node    |     Objective Bounds      |     Work
 Expl Unexpl |  Obj  Depth IntInf | Incumbent    BestBd   Gap | It/Node Time

     0     0 12272.4266    0  126          - 12272.4266      -     -    0s
     0     0 12707.0728    0  115          - 12707.0728      -     -    0s
     0     0 13251.0841    0  180          - 13251.0841      -     -    0s
     0     0 13443.6909    0  191          - 13443.6909      -     -    0s
     0     0 13444.9360    0  204          - 13444.9360      -     -    0s
     0     0 13444.9895    0  216          - 13444.9895      -     -    0s
     0     0 13594.9825    0  236          - 13594.9825      -     -    0s
     0     0 13606.6905    0  250          - 13606.6905      -     -    0s
     0     0 13637.0870    0  222          - 13637.0870      -     -    0s
     0     0 13646.2945    0  233          - 13646.2945      -     -    1s
     0     0 13647.5801    0  224          - 13647.5801      -     -    1s
     0     0 13715.4906    0  280          - 13715.4906      -     -    1s
     0     0 13724.2925    0  282          - 13724.2925      -     -    1s
     0     0 13725.8222    0  272          - 13725.8222      -     -    1s
     0     0 13748.0998    0  357          - 13748.0998      -     -    1s
     0     0 13758.0102    0  329          - 13758.0102      -     -    1s
     0     0 13763.0461    0  402          - 13763.0461      -     -    1s
     0     0 13776.8010    0  356          - 13776.8010      -     -    2s
     0     0 13776.9989    0  360          - 13776.9989      -     -    2s
     0     0 13786.1465    0  348          - 13786.1465      -     -    2s
     0     0 13789.5969    0  412          - 13789.5969      -     -    2s
     0     0 13791.0494    0  440          - 13791.0494      -     -    2s
     0     0 13796.1178    0  453          - 13796.1178      -     -    3s
     0     0 13796.1178    0  447          - 13796.1178      -     -    3s
     0     2 13799.5997    0  474          - 13799.5997      -     -    4s
     9    12 13866.8876    3  271          - 13816.2056      -   314    5s
   110   120 14281.1150   29  193          - 13826.0037      -   284   10s
*  388   372             174    15854.760000 13832.7359  12.8%   132   14s
   398   386 13959.7014    4  343 15854.7600 13832.7359  12.8%   139   15s
H  454   411                    15768.600000 13832.7359  12.3%   140   19s
   456   409 14002.7497   10  340 15768.6000 13832.7359  12.3%   141   20s
   482   434 14093.6518   17  184 15768.6000 13832.7359  12.3%   155   25s
H  507   411                    15600.400000 13832.7359  11.3%   168   28s
   525   434 14202.0742   27  170 15600.4000 13832.7359  11.3%   177   30s
   587   495 14525.9321   50   98 15600.4000 13832.7359  11.3%   181   35s
   677   603 14853.7677   86   51 15600.4000 13832.7359  11.3%   173   41s
H  725   637                    15529.400000 13832.7359  10.9%   167   42s
   753   638 14541.5773   64  447 15529.4000 13832.7359  10.9%   164   45s
   766   647 14981.3563   89  432 15529.4000 13906.4020  10.5%   161   50s
   783   658 14891.0511   79  484 15529.4000 13940.3973  10.2%   158   55s
   790   663 14151.8779   14  498 15529.4000 13943.1730  10.2%   157   61s
   792   664 14460.1387   50  494 15529.4000 13945.5455  10.2%   156   65s
H  792   632                    15435.980000 13945.5455  9.66%   170   66s
   793   634 13946.6618   16  437 15435.9800 13945.5455  9.66%   170   70s
   799   638 13961.7468   18  478 15435.9800 13960.1124  9.56%   173   75s
   812   647 14172.0685   20  277 15435.9800 14000.4054  9.30%   178   80s
   847   671 14074.7983   29  401 15435.9800 14001.2483  9.29%   185   89s
   856   683 14065.2569   31  383 15435.9800 14001.2483  9.29%   186   90s
H  877   658                    15242.060000 14001.2483  8.14%   188   91s
   910   688 14187.3449   43  316 15242.0600 14001.2483  8.14%   189   95s
  1026   772 14410.4230   70  248 15242.0600 14001.2483  8.14%   189  100s
  1162   870 14614.3688  102  129 15242.0600 14001.2483  8.14%   184  107s
  1187   886 14668.3582  108  168 15242.0600 14001.2483  8.14%   183  113s
  1212   920 14829.4191  115  121 15242.0600 14001.2483  8.14%   183  115s
  1419   987 14168.9028   23  398 15242.0600 14001.5376  8.14%   172  120s
  1508  1002 14110.4190   31  412 15242.0600 14001.5376  8.14%   175  125s
  1582  1073 14438.4880   42  216 15242.0600 14001.5376  8.14%   180  130s
  1763  1167 14655.2609   55  139 15242.0600 14001.5376  8.14%   172  135s
  1864  1283 14826.3654   91   96 15242.0600 14001.5376  8.14%   172  141s
  2002  1373 14944.5468  130  100 15242.0600 14001.5376  8.14%   167  146s
  2199  1416 14096.6655   23  377 15242.0600 14020.9589  8.01%   160  151s
  2318  1397 14194.2517   28  329 15242.0600 14020.9589  8.01%   157  155s
  2379  1458 14417.3403   42  254 15242.0600 14020.9589  8.01%   161  160s
  2471  1524 14568.4437   67  180 15242.0600 14020.9589  8.01%   161  165s
  2600  1604 14941.0909  125  122 15242.0600 14020.9589  8.01%   160  170s
  2790  1734 15190.8865  256   74 15242.0600 14046.2130  7.85%   154  176s
  2843  1803 14254.6182   29  241 15242.0600 14046.2130  7.85%   157  181s
  2884  1935 14412.8187   46  185 15242.0600 14046.2130  7.85%   158  185s
  3078  2053 14987.5343  165  114 15242.0600 14046.2130  7.85%   151  190s
  3199  2089 14279.8747   30  338 15242.0600 14047.8466  7.83%   150  195s
  3236  2153 14896.0982   57  199 15242.0600 14048.2167  7.83%   153  200s
  3309  2199 14359.1911   31  308 15242.0600 14048.2167  7.83%   155  206s
  3395  2253     cutoff   79      15242.0600 14053.2581  7.80%   157  212s
  3413  2285 14368.6433   30  289 15242.0600 14053.2581  7.80%   159  215s
  3474  2392 15113.2069   80  125 15242.0600 14057.7064  7.77%   159  220s
  3628  2473 15144.5411  129  141 15242.0600 14057.7064  7.77%   156  225s
  3683  2514 14675.0250   69   26 15242.0600 14057.7064  7.77%   156  230s
  3789  2607 14917.5500  102    - 15242.0600 14063.9194  7.73%   156  238s
  3813  2659 14993.7300  102    - 15242.0600 14065.2595  7.72%   158  242s
  3875  2698 14265.6112   27  267 15242.0600 14065.2595  7.72%   159  246s
  3911  2760 14419.2525   38  187 15242.0600 14065.2595  7.72%   160  253s
  3973  2869 14617.9195   51   80 15242.0600 14065.2595  7.72%   161  258s
  4082  3063 14806.7925   89   54 15242.0600 14065.3590  7.72%   160  263s
  4301  3107 14294.3064   33  351 15242.0600 14065.3590  7.72%   157  269s
  4319  3107 14775.5819  138   45 15242.0600 14065.3590  7.72%   158  270s
  4448  3209 15080.1033  101   19 15242.0600 14066.7476  7.71%   156  275s
  4567  3312 14651.3430   53  299 15242.0600 14068.6352  7.70%   157  284s
  4647  3356 14086.3149   20  369 15242.0600 14068.6352  7.70%   158  289s
  4704  3427 14415.7070   26  159 15242.0600 14068.6352  7.70%   159  294s
  4775  3503 15002.5342   47  187 15242.0600 14072.3824  7.67%   159  299s
  4852  3503 15202.8439   99   70 15242.0600 14072.4508  7.67%   159  300s
  4882  3565 14448.8903   38  260 15242.0600 14072.4508  7.67%   160  320s
H 4924  3462                    15188.630000 14072.4508  7.35%   160  321s
  4947  3729 14750.7173   81   49 15188.6300 14072.7958  7.35%   160  328s
  5218  3729 14857.4241  125   48 15188.6300 14072.8141  7.35%   154  330s
  5250  3770 14211.2900   23  389 15188.6300 14072.8141  7.35%   154  335s
  5291  4003 14400.2562   32  115 15188.6300 14072.8141  7.35%   157  343s
  5542  4197 14663.6446   44   81 15188.6300 14074.7992  7.33%   153  353s
  5797  4227     cutoff  163      15188.6300 14079.9393  7.30%   150  360s
  5825  4328 14789.2731   47  108 15188.6300 14086.3767  7.26%   152  368s
  5934  4462 14506.8347   39  192 15188.6300 14086.3767  7.26%   152  375s
  6085  4533 14900.1646   59   65 15188.6300 14088.5297  7.24%   151  383s
  6190  4578     cutoff   67      15188.6300 14090.3328  7.23%   152  389s
  6237  4622 14687.1576   37  334 15188.6300 14096.0563  7.19%   153  396s
  6318  4735 14186.2433   28  380 15188.6300 14100.6059  7.16%   154  404s
  6422  4735 15014.4354   58  172 15188.6300 14100.7713  7.16%   155  405s
  6455  4831 14269.7701   31  419 15188.6300 14100.7713  7.16%   155  412s
  6561  4985 15093.1365   80   36 15188.6300 14103.9586  7.14%   155  419s
  6648  4985 14897.7444   94   89 15188.6300 14103.9586  7.14%   155  420s
  6742  5109 14955.6915  109   91 15188.6300 14104.8364  7.14%   155  427s
  6887  5170 14500.2765   35  273 15188.6300 14105.0227  7.13%   154  434s
H 6905  5169                    15188.460000 14105.0227  7.13%   155  434s
  6961  5248 14545.5356   44  199 15188.4600 14105.0227  7.13%   155  441s
  7049  5463 15168.6050   70  174 15188.4600 14109.4291  7.10%   157  450s
  7306  5701     cutoff   60      15188.4600 14112.6668  7.08%   154  461s
  7580  6048     cutoff   60      15188.4600 14115.7911  7.06%   152  472s
  7979  6133 14966.5476   91   32 15188.4600 14120.2144  7.03%   147  482s
  8087  6228 14569.1613   32  228 15188.4600 14120.2508  7.03%   148  496s
  8207  6419 14713.6918   48  148 15188.4600 14121.0097  7.03%   148  505s
  8431  6501     cutoff   94      15188.4600 14124.7602  7.00%   147  515s
  8519  6693 14535.4352   41  276 15188.4600 14125.8788  7.00%   147  525s
  8748  6779 14553.8264   50  257 15188.4600 14126.9731  6.99%   146  535s
  8849  6956 14454.3063   25  176 15188.4600 14129.6129  6.97%   146  545s
  9048  7174 14782.5887   78   19 15188.4600 14132.1196  6.95%   146  556s
  9297  7339 15142.0000   98    - 15188.4600 14132.5697  6.95%   145  566s
H 9380  6922                    15124.560000 14132.5697  6.56%   145  566s
  9484  7068     cutoff   98      15124.5600 14135.5837  6.54%   144  576s
  9655  7201 14431.9789   30  350 15124.5600 14140.2973  6.51%   145  585s
  9829  7257 14376.2514   32  407 15124.5600 14141.2258  6.50%   145  595s
  9911  7366 14580.1165   27  326 15124.5600 14143.9098  6.48%   147  604s
 10001  7366 14886.0800   68  133 15124.5600 14143.9295  6.48%   147  605s
 10048  7472 14413.4935   32  388 15124.5600 14145.6325  6.47%   147  615s
 10184  7670 14272.8135   35  334 15124.5600 14148.6974  6.45%   148  625s
 10397  7759 14344.4377   25  408 15124.5600 14149.3494  6.45%   148  635s
 10520  7974 14719.6676   45   57 15124.5600 14150.1165  6.44%   149  647s
 10758  8053 14692.4902  117   62 15124.5600 14151.0298  6.44%   148  659s
 10863  8123 14747.0046   37  257 15124.5600 14151.0384  6.44%   150  668s
 10934  8239     cutoff   57      15124.5600 14152.2370  6.43%   151  680s
 11096  8351 14775.6349   42   42 15124.5600 14154.1021  6.42%   152  690s
*11214  7945              83    15073.540000 14154.3739  6.10%   152  691s
 11229  8058 14617.1690   34  253 15073.5400 14154.4372  6.10%   152  700s
 11375  8154 14522.4752   29  198 15073.5400 14156.2323  6.09%   153  711s
 11489  8336 14261.1192   30  321 15073.5400 14157.9207  6.07%   153  723s
 11765  8422     cutoff   70      15073.5400 14159.3356  6.06%   153  733s
H11817  7425                    14973.760000 14160.3035  5.43%   154  734s
 11860  7513     cutoff   79      14973.7600 14160.3621  5.43%   154  743s
 11966  7650 14727.8198   55  263 14973.7600 14161.0811  5.43%   155  754s
 12111  7650 14934.8833  103  114 14973.7600 14162.9030  5.42%   155  755s
 12137  7805 14627.8029   40   48 14973.7600 14162.9892  5.41%   156  765s
 12330  7925 14329.0381   26  246 14973.7600 14167.4346  5.38%   156  776s
 12493  7991     cutoff   58      14973.7600 14168.7482  5.38%   156  787s
H12507  7776                    14959.760000 14168.7482  5.29%   156  787s
 12566  7819 14624.6825   29  293 14959.7600 14168.9300  5.29%   157  796s
 12617  7959     cutoff   38      14959.7600 14169.0786  5.29%   159  809s
 12684  7959 14579.7250   53   32 14959.7600 14169.0786  5.29%   159  810s
 12807  7986 14265.9796   25  508 14959.7600 14169.1605  5.28%   160  822s
H12818  7764                    14943.760000 14169.1605  5.18%   160  822s
 12850  7839 14511.1371   36  295 14943.7600 14169.5766  5.18%   160  831s
 12956  7887     cutoff   62      14943.7600 14170.4169  5.18%   161  842s
 13017  7988 14333.9678   24  288 14943.7600 14172.1351  5.16%   162  853s
 13139  8176 14853.8029   45  105 14943.7600 14172.9013  5.16%   163  864s
 13175  8176 14672.2819   42  219 14943.7600 14172.9013  5.16%   163  865s
 13364  8304 14307.5019   35  431 14943.7600 14173.9387  5.15%   163  877s
 13530  8449 14794.9484   69   18 14943.7600 14174.7328  5.15%   163  888s
 13718  8551 14626.0055   48  213 14943.7600 14176.1166  5.14%   164  900s
 13856  8672 14323.1742   25  211 14943.7600 14176.4125  5.13%   164  914s
H13884  8578                    14936.760000 14176.4125  5.09%   165  914s
 13962  8578 14612.1822   65   60 14936.7600 14176.4125  5.09%   165  915s
 14008  8649 14653.6900   39  179 14936.7600 14177.1109  5.09%   165  926s
 14129  8756 14617.2454   47  140 14936.7600 14177.4261  5.08%   166  937s
 14292  8863 14629.5729   39  160 14936.7600 14178.4091  5.08%   167  950s
 14435  8981 14420.5607   39  320 14936.7600 14179.8961  5.07%   167  963s
 14588  9197 14424.5409   29  397 14936.7600 14182.0082  5.05%   168  977s
 14848  9262 14483.6078   40  223 14936.7600 14183.6879  5.04%   168  990s
 14996  9445 14479.3641   34  238 14936.7600 14184.2022  5.04%   169 1002s
 15217  9601 14551.4334   33  316 14936.7600 14184.6716  5.04%   169 1016s
 15403  9690 14575.4766   36  302 14936.7600 14185.8434  5.03%   169 1029s
 15440  9690 14932.2281   65   77 14936.7600 14185.8434  5.03%   169 1030s
 15514  9879 14494.2040   39  113 14936.7600 14186.0672  5.03%   170 1043s
 15685  9881 14475.3858   32  346 14936.7600 14186.0672  5.03%   169 1045s
 15790 10061 14789.5063   69   46 14936.7600 14186.7343  5.02%   169 1056s
 16016 10162 14344.2325   29  351 14936.7600 14187.5870  5.02%   169 1066s
 16154 10335 14727.4195   47  165 14936.7600 14187.9540  5.01%   169 1081s
 16370 10438 14277.2010   31  352 14936.7600 14188.3544  5.01%   168 1093s
 16508 10529 14286.2297   35  340 14936.7600 14189.4397  5.00%   169 1105s
 16635 10630 14509.9533   26  311 14936.7600 14189.4397  5.00%   170 1116s
 16759 10823 14739.5095   58  126 14936.7600 14190.9507  4.99%   170 1132s
 17007 10910 14418.7943   32  374 14936.7600 14191.5349  4.99%   170 1145s
H17070 10851                    14932.760000 14191.5349  4.96%   170 1145s
 17116 10986 14661.7967   55   60 14932.7600 14193.0559  4.95%   170 1157s
 17292 11048 14686.1600   63    - 14932.7600 14194.5306  4.94%   170 1168s
H17322  9959                    14877.760000 14194.5306  4.59%   171 1169s
 17378 10103 14702.4700   63    - 14877.7600 14196.6689  4.58%   171 1180s
 17554 10174 14704.3600   63    - 14877.7600 14197.3165  4.57%   172 1191s
 17665 10242 14736.9700   63    - 14877.7600 14198.2597  4.57%   173 1204s
 17748 10310 14740.8600   63    - 14877.7600 14200.2047  4.55%   173 1217s
 17850 10404 14755.1700   63    - 14877.7600 14201.1553  4.55%   174 1233s
 17959 10606 14757.6050   63   26 14877.7600 14201.5919  4.54%   175 1246s
 18203 10717 14760.0400   64    - 14877.7600 14204.4395  4.53%   174 1259s
 18351 10814 14814.7400   64    - 14877.7600 14205.5942  4.52%   175 1273s
 18495 10884 14778.2400   64    - 14877.7600 14206.3058  4.51%   175 1290s
 18595 11041 14595.4919   33  273 14877.7600 14207.9202  4.50%   176 1303s
 18754 11042 14732.4600   61    - 14877.7600 14208.1708  4.50%   176 1305s
 18804 11156 14858.8247   70   59 14877.7600 14208.7201  4.50%   176 1321s
 18943 11196 14447.9627   26  193 14877.7600 14209.3570  4.49%   177 1333s
 19012 11285 14660.4050   39  366 14877.7600 14210.2543  4.49%   177 1345s
 19124 11379 14846.5075   57   97 14877.7600 14211.0339  4.48%   178 1357s
 19252 11420 14525.4086   39  333 14877.7600 14211.6193  4.48%   179 1374s
H19288 11110                    14863.820000 14211.6193  4.39%   178 1375s
 19315 11210 14325.8436   34  345 14863.8200 14213.5408  4.37%   179 1386s
 19437 11339 14499.4753   38  226 14863.8200 14214.5605  4.37%   179 1401s
 19593 11444 14511.2561   35  301 14863.8200 14215.1012  4.36%   180 1413s
 19742 11531 14571.6236   36  233 14863.8200 14216.3068  4.36%   180 1425s
 19858 11657 14673.4897   42  225 14863.8200 14216.8229  4.35%   181 1438s
 20021 11746 14417.5107   33  370 14863.8200 14218.1840  4.34%   181 1451s
H20153 11764                    14861.930000 14218.3220  4.33%   182 1464s
 20288 11890 14484.5236   43  301 14861.9300 14219.5727  4.32%   182 1479s
 20335 11890 14818.8023   45  246 14861.9300 14219.8348  4.32%   183 1480s
 20454 12011 14625.9682   44  246 14861.9300 14220.2407  4.32%   183 1493s
 20602 12092 14699.7402   59  125 14861.9300 14221.3778  4.31%   183 1598s
 20704 12176 14603.1726   50  237 14861.9300 14221.9505  4.31%   183 1611s
 20828 12293 14476.6954   35  276 14861.9300 14222.2203  4.30%   184 1626s
 20970 12409 14648.0644   55  185 14861.9300 14222.3762  4.30%   184 1639s
 20995 12409 14770.6496   80   68 14861.9300 14222.3762  4.30%   184 1640s
 21131 12493 14543.3691   32  366 14861.9300 14223.3328  4.30%   185 1653s
 21271 12603 14551.6240   45  208 14861.9300 14224.0536  4.29%   185 1666s
 21461 12720 14567.0449   35  249 14861.9300 14224.9782  4.29%   186 1683s
H21624 11283                    14807.290000 14225.6977  3.93%   186 1698s
 21762 11428 14389.9454   32  295 14807.2900 14226.7590  3.92%   187 1712s
 21963 11509 14634.1059   47   99 14807.2900 14227.0443  3.92%   187 1726s
 22068 11646 14624.5478   38  175 14807.2900 14228.2645  3.91%   188 1740s
 22258 11725 14352.9110   28  393 14807.2900 14229.4296  3.90%   188 1754s
 22388 11889 14441.3770   30  269 14807.2900 14229.9692  3.90%   189 1769s
 22603 11987 14432.3235   44  218 14807.2900 14231.1834  3.89%   189 1783s
 22737 12107     cutoff   43      14807.2900 14231.7745  3.89%   189 1797s
 22909 12211     cutoff   70      14807.2900 14232.6442  3.88%   190 1811s
 23043 12353 14601.8537   33  159 14807.2900 14233.2673  3.88%   190 1827s
 23246 12461 14592.1729   25  241 14807.2900 14233.9657  3.87%   190 1841s
 23427 12537     cutoff   67      14807.2900 14235.2087  3.86%   191 1855s
 23573 12707 14383.3964   32  235 14807.2900 14236.4605  3.86%   191 1869s
 23603 12707 14723.7035   62   64 14807.2900 14236.4605  3.86%   191 1870s
 23768 12859 14438.8938   41  366 14807.2900 14237.1474  3.85%   191 1884s
 23878 12859 14767.4101   76   62 14807.2900 14237.2502  3.85%   191 1885s
 23966 12956 14771.3257   60  109 14807.2900 14237.6698  3.85%   191 1898s
 24123 13066 14549.3203   36  240 14807.2900 14240.0747  3.83%   191 1912s
 24281 13183 14663.9653   36  255 14807.2900 14240.3602  3.83%   192 1927s
H24431 12962                    14796.290000 14240.5173  3.76%   193 1941s
 24601 13127 14345.4629   25  282 14796.2900 14241.9770  3.75%   193 1957s
 24811 13204 14382.1508   34  205 14796.2900 14242.6212  3.74%   193 1974s
 24948 13268 14605.2940   37  330 14796.2900 14242.9424  3.74%   194 1989s
 25048 13428 14507.6531   43  302 14796.2900 14243.4311  3.74%   195 2004s
 25123 13428 14761.5899   54   42 14796.2900 14243.4311  3.74%   195 2005s
 25278 13509 14453.7176   54  321 14796.2900 14244.6836  3.73%   195 2020s
 25397 13574     cutoff   62      14796.2900 14245.1556  3.72%   196 2035s
 25509 13705 14425.9446   22  206 14796.2900 14246.1882  3.72%   196 2050s
 25663 13799 14535.9826   57   69 14796.2900 14247.6929  3.71%   197 2065s
 25810 13915     cutoff   72      14796.2900 14249.0968  3.70%   197 2082s
 25992 14014 14789.6448   48  246 14796.2900 14249.5289  3.70%   197 2096s
 26134 14128 14379.0341   31  236 14796.2900 14249.8671  3.69%   197 2111s
 26312 14230 14513.7890   29  244 14796.2900 14250.8071  3.69%   198 2125s
 26469 14284 14511.5021   39  406 14796.2900 14251.7790  3.68%   198 2139s
 26529 14284 14725.4010   42  166 14796.2900 14251.8604  3.68%   199 2140s
 26553 14402 14550.6069   35  288 14796.2900 14251.9274  3.68%   199 2154s
 26731 14499 14562.4161   41  263 14796.2900 14252.9557  3.67%   199 2168s
 26925 14594     cutoff   72      14796.2900 14253.3206  3.67%   199 2182s
 27075 14708     cutoff   34      14796.2900 14253.8353  3.67%   200 2198s
 27259 14805 14611.8576   33  212 14796.2900 14254.8611  3.66%   200 2213s
 27412 14885     cutoff   62      14796.2900 14255.1834  3.66%   201 2227s
H27526 14862                    14791.290000 14255.9105  3.62%   201 2243s
 27680 14952 14601.6972   44  119 14791.2900 14256.5036  3.62%   202 2258s
 27822 15095 14735.3643   54  210 14791.2900 14257.5796  3.61%   202 2274s
 28023 15169 14670.1498   62  149 14791.2900 14258.0694  3.60%   202 2290s
 28134 15254 14565.8771   40  235 14791.2900 14258.0853  3.60%   203 2308s
H28136 14806                    14777.450000 14258.0853  3.51%   203 2308s
 28251 14877 14635.7266   45  246 14777.4500 14258.2728  3.51%   204 2324s
 28381 14977 14516.8134   34  240 14777.4500 14258.9465  3.51%   204 2339s
 28414 14977 14751.1511   67   16 14777.4500 14258.9465  3.51%   204 2340s
 28519 15064 14739.3213   28  209 14777.4500 14259.5757  3.50%   205 2357s
H28586 14529                    14763.290000 14259.5757  3.41%   205 2357s
 28646 14655 14468.5145   42  142 14763.2900 14260.0015  3.41%   205 2372s
 28833 14763 14656.1042   62   36 14763.2900 14260.4287  3.41%   205 2387s
 28984 14866 14663.0446   45  261 14763.2900 14261.2500  3.40%   205 2403s
 29141 14958 14441.0864   27  222 14763.2900 14261.8277  3.40%   206 2419s
 29303 15035 14495.0278   36  290 14763.2900 14262.9416  3.39%   206 2435s
H29441 14809                    14752.870000 14263.2879  3.32%   207 2451s
 29633 14956 14389.6863   32  267 14752.8700 14264.6362  3.31%   207 2468s
 29828 15059 14716.5000   69   13 14752.8700 14265.2367  3.31%   207 2484s
 29891 15061 14588.8650   45  230 14752.8700 14265.2367  3.31%   207 2485s
 30000 15211     cutoff   70      14752.8700 14266.0237  3.30%   207 2500s
 30215 15306 14486.5040   35  343 14752.8700 14266.4068  3.30%   207 2517s
 30350 15363     cutoff   49      14752.8700 14266.8129  3.29%   208 2532s
 30442 15378 14566.7777   40  143 14752.8700 14267.2670  3.29%   208 2549s
 30453 15378 14628.4371   49  247 14752.8700 14267.6687  3.29%   208 2550s
 30473 15482 14374.1815   35  333 14752.8700 14267.7063  3.29%   208 2569s
 30529 15482 14692.4836   57  106 14752.8700 14267.7063  3.29%   208 2570s
 30626 15584 14387.6408   33  229 14752.8700 14268.6473  3.28%   209 2589s
 30723 15584 14286.9806   33  357 14752.8700 14268.7230  3.28%   209 2590s
 30784 15727 14417.9758   40  319 14752.8700 14268.8894  3.28%   209 2606s
 30979 15800 14471.1787   28  299 14752.8700 14269.1925  3.28%   210 2631s
 31097 15877 14600.4766   36  177 14752.8700 14269.2344  3.28%   210 2648s
 31250 15949 14581.8640   41  256 14752.8700 14270.3254  3.27%   211 2665s
 31387 16036     cutoff   54      14752.8700 14270.5032  3.27%   211 2683s
 31547 16140 14474.3373   28  173 14752.8700 14270.8630  3.27%   212 2701s
H31629 13012                    14690.170000 14270.8630  2.85%   211 2701s
 31704 13065 14536.1182   27  245 14690.1700 14271.4098  2.85%   212 2717s
 31831 13137 14674.8687   35  281 14690.1700 14271.7943  2.85%   212 2741s
 31957 13182 14649.7962   34  289 14690.1700 14272.8175  2.84%   212 2758s
 32042 13258 14485.2958   30  259 14690.1700 14272.9559  2.84%   213 2778s
 32198 13334 14501.6344   40  276 14690.1700 14273.4666  2.84%   213 2794s
 32359 13409 14438.3729   41  312 14690.1700 14273.9190  2.83%   214 2816s
 32487 13482 14630.1870   46  177 14690.1700 14274.4240  2.83%   214 2835s
 32611 13518     cutoff   44      14690.1700 14275.7601  2.82%   215 2855s
 32703 13565 14562.4774   39  330 14690.1700 14276.1370  2.82%   215 2876s
 32854 13622 14359.3419   24  323 14690.1700 14276.6699  2.81%   216 2892s
 32983 13688 14597.0487   44  254 14690.1700 14277.2099  2.81%   216 2909s
 33100 13688 14498.6859   38  143 14690.1700 14277.5034  2.81%   217 2910s
 33109 13816 14683.1549   39  172 14690.1700 14277.5887  2.81%   217 2930s
 33338 13880 14556.2811   51   22 14690.1700 14277.9140  2.81%   217 2958s
 33500 13912 14549.8060   38  279 14690.1700 14278.5823  2.80%   217 2973s
 33579 13989 14604.0297   34  287 14690.1700 14278.7432  2.80%   218 2989s
 33639 13989 14619.4316   36  320 14690.1700 14278.9652  2.80%   218 2990s
 33710 14098 14471.7780   38  341 14690.1700 14279.1812  2.80%   218 3006s
 33885 14173 14478.8837   36  202 14690.1700 14280.5416  2.79%   219 3022s
 34020 14265 14554.8023   27  308 14690.1700 14280.9533  2.79%   219 3038s
 34190 14388 14609.0322   41  254 14690.1700 14281.6861  2.78%   219 3059s
 34279 14388     cutoff   57      14690.1700 14281.9270  2.78%   219 3060s
 34372 14491     cutoff   48      14690.1700 14282.0326  2.78%   219 3078s
 34548 14647 14386.6384   31  257 14690.1700 14282.4533  2.78%   219 3095s
 34768 14771 14385.2950   33  141 14690.1700 14282.8701  2.77%   219 3120s
 34935 14885     cutoff   39      14690.1700 14283.4168  2.77%   220 3140s
 35162 14950     cutoff   92      14690.1700 14283.9046  2.77%   220 3157s
 35277 15036 14516.5878   41  196 14690.1700 14284.8068  2.76%   220 3173s
 35411 15139 14671.2500   62   66 14690.1700 14285.0701  2.76%   221 3190s
 35593 15225 14670.4488   34  257 14690.1700 14285.7048  2.75%   221 3207s
 35729 15304 14474.9188   36  266 14690.1700 14286.3550  2.75%   221 3224s
 35857 15386 14365.4094   32  290 14690.1700 14287.0134  2.74%   222 3241s
 35997 15469 14574.6730   33  378 14690.1700 14287.1490  2.74%   222 3256s
 36155 15539 14589.8515   43   95 14690.1700 14287.8822  2.74%   222 3273s
 36301 15635 14438.2009   36  316 14690.1700 14288.6488  2.73%   223 3289s
 36452 15688 14466.4309   27  284 14690.1700 14289.2047  2.73%   223 3304s
 36536 15688 14644.4404   40  245 14690.1700 14289.4119  2.73%   223 3305s
 36583 15744     cutoff   46      14690.1700 14289.4208  2.73%   224 3320s
 36695 15816 14455.5014   32  244 14690.1700 14289.8349  2.73%   224 3337s
 36841 15904 14434.5412   33  269 14690.1700 14290.0459  2.72%   225 3353s
 36997 15977 14455.6332   34  342 14690.1700 14290.6940  2.72%   225 3370s
 37124 16094 14591.1404   38  153 14690.1700 14291.2496  2.72%   225 3387s
 37343 16200 14510.2284   33  351 14690.1700 14291.9120  2.71%   225 3404s
 37507 16272 14559.4280   35  298 14690.1700 14292.4659  2.71%   226 3421s
 37623 16367     cutoff   31      14690.1700 14292.7335  2.71%   226 3437s
 37766 16503     cutoff   45      14690.1700 14293.6936  2.70%   226 3456s
 37982 16610 14533.1244   49  156 14690.1700 14294.1841  2.70%   227 3478s
 38170 16685 14359.4947   27  336 14690.1700 14294.3665  2.69%   227 3495s
 38330 16771 14526.4986   26  326 14690.1700 14294.8238  2.69%   227 3512s
 38478 16915 14488.5335   35  231 14690.1700 14295.4767  2.69%   228 3529s
 38603 16915 14563.3392   50   63 14690.1700 14295.9577  2.68%   228 3530s
 38710 17013     cutoff   44      14690.1700 14295.9806  2.68%   228 3545s
 38906 17082 14462.5756   41  179 14690.1700 14296.5847  2.68%   227 3564s
 38983 17082 14446.7923   35  224 14690.1700 14296.5847  2.68%   228 3565s
 39042 17140 14616.6592   41  151 14690.1700 14297.1257  2.68%   228 3582s
 39171 17183 14616.0498   45  225 14690.1700 14297.5104  2.67%   228 3599s

Cutting planes:
  User: 4055
  Gomory: 20
  Cover: 389
  Implied bound: 170
  Projected implied bound: 6
  Clique: 56
  MIR: 127
  StrongCG: 3
  Flow cover: 308
  GUB cover: 1
  Zero half: 39
  RLT: 262
  Relax-and-lift: 5
  Lazy constraints: 3148

Explored 39264 nodes (9001126 simplex iterations) in 3600.00 seconds
Thread count was 2 (of 32 available processors)

Solution count 10: 14690.2 14752.9 14763.3 ... 14877.8

Time limit reached
Best objective 1.469017000000e+04, best bound 1.429790124112e+04, gap 2.6703%

User-callback calls 273250, time in user-callback 195.58 sec
================================================================================
executing instance: ./input/Instances/Original/2/absH3high_4n10.dat
--------------------------------------------------------------------------------
Instance details
n	11
H	3
C	822
Li:
[0, 0, 0, 0, 0, 0, 0, 0, 0, 0, 0, ]
Ui:
[0, 102, 52, 88, 182, 153, 138, 38, 165, 297, 86, ]
Distance matrix:
|0	285	411	382	327	239	148	256	307	36	383	|
|285	0	352	98	249	103	227	235	120	268	209	|
|411	352	0	395	106	430	263	549	234	429	174	|
|382	98	395	0	302	173	320	288	168	364	227	|
|327	249	106	302	0	324	179	444	135	339	109	|
|239	103	430	173	324	0	241	132	212	212	305	|
|148	227	263	320	179	241	0	325	192	165	249	|
|256	235	549	288	444	132	325	0	342	220	436	|
|307	120	234	168	135	212	192	342	0	304	94	|
|36	268	429	364	339	212	165	220	304	0	386	|
|383	209	174	227	109	305	249	436	94	386	0	|

--------------------------------------------------------------------------------
Building model...
	using lazy and cut (CVRPSEP package)
Solving IRP LP...
--------------------------------------------------------------------------------

Gurobi 9.1.0 (linux64) logging started Sun Feb  7 03:22:03 2021

Gurobi Optimizer version 9.1.0 build v9.1.0rc0 (linux64)
Thread count: 32 physical cores, 32 logical processors, using up to 2 threads
Optimize a model with 431 rows, 728 columns and 2153 nonzeros
Model fingerprint: 0x53c39675
Variable types: 134 continuous, 594 integer (99 binary)
Coefficient statistics:
  Matrix range     [1e+00, 3e+02]
  Objective range  [2e-01, 5e+02]
  Bounds range     [1e+00, 3e+02]
  RHS range        [1e+00, 1e+03]
Presolve removed 189 rows and 77 columns
Presolve time: 0.03s
Presolved: 242 rows, 651 columns, 1723 nonzeros
Variable types: 80 continuous, 571 integer (480 binary)

Root relaxation: objective 3.885185e+03, 437 iterations, 0.01 seconds

