




arguments: ./build/bc_mirp -f ./input/orig_exec_13.cfg
Current dir: /scratch/gui/bc_mirp
File verbosity level: 9
date       time         ( uptime  ) [ thread name/id ]                   file:line     v| 
2021-02-06 12:14:47.220 (   0.247s) [main thread     ]             loguru.cpp:789   INFO| Logging to './output/vi_vc+vr/OU/V3/Original/execution_06_02_2021_12_14_47.log', mode: 'a', verbosity: 9
--------------------------------------------------------------------------------
Parameters
                           instance_path           ./input/Instances/Original/1/
                            model_policy                                       1
                             nb_vehicles                                       3
                              output_dir       ./output/vi_vc+vr/OU/V3/Original/
                            sec_strategy                                       1
                       solver_nb_threads                                       2
                         solver_show_log                                    true
                       solver_time_limit                                    3600
                              use_vi_cos                                   false
                              use_vi_cus                                   false
                         use_vi_hc1_full                                   false
                         use_vi_hc1_half                                   false
                      use_vi_hc1_quarter                                   false
                              use_vi_hc2                                   false
                              use_vi_hc3                                   false
                         use_vi_lex_full                                   false
                         use_vi_lex_half                                   false
                      use_vi_lex_quarter                                   false
                              use_vi_qua                                   false
                               use_vi_vc                                    true
                               use_vi_vr                                    true
--------------------------------------------------------------------------------
executing instance: ./input/Instances/Original/1/absH3high_1n5.dat
--------------------------------------------------------------------------------
Instance details
n	6
H	3
C	289
Li:
[0, 0, 0, 0, 0, 0, ]
Ui:
[0, 195, 105, 116, 72, 22, ]
Distance matrix:
|0	85	349	17	203	289	|
|85	0	265	102	214	226	|
|349	265	0	366	368	238	|
|17	102	366	0	207	302	|
|203	214	368	207	0	431	|
|289	226	238	302	431	0	|

--------------------------------------------------------------------------------
Building model...
	using lazy and cut (CVRPSEP package)
Solving IRP LP...
--------------------------------------------------------------------------------

Gurobi 9.1.0 (linux64) logging started Sat Feb  6 12:14:47 2021

Gurobi Optimizer version 9.1.0 build v9.1.0rc0 (linux64)
Thread count: 32 physical cores, 32 logical processors, using up to 2 threads
Optimize a model with 231 rows, 258 columns and 873 nonzeros
Model fingerprint: 0x525dc6e1
Variable types: 69 continuous, 189 integer (54 binary)
Coefficient statistics:
  Matrix range     [1e+00, 2e+02]
  Objective range  [2e-01, 4e+02]
  Bounds range     [1e+00, 2e+02]
  RHS range        [1e+00, 5e+02]
Presolve removed 113 rows and 66 columns
Presolve time: 0.02s
Presolved: 118 rows, 192 columns, 569 nonzeros
Variable types: 32 continuous, 160 integer (115 binary)
Found heuristic solution: objective 3402.0300000

Root relaxation: objective 1.735166e+03, 196 iterations, 0.00 seconds

    Nodes    |    Current Node    |     Objective Bounds      |     Work
 Expl Unexpl |  Obj  Depth IntInf | Incumbent    BestBd   Gap | It/Node Time

     0     0 1735.16608    0   26 3402.03000 1735.16608  49.0%     -    0s
H    0     0                    2522.0900000 1735.16608  31.2%     -    0s
     0     0 1955.08661    0   23 2522.09000 1955.08661  22.5%     -    0s
H    0     0                    2486.3500000 1955.08661  21.4%     -    0s
     0     0 2274.96867    0   51 2486.35000 2274.96867  8.50%     -    0s
     0     0 2280.68798    0   57 2486.35000 2280.68798  8.27%     -    0s
     0     0 2280.68798    0   51 2486.35000 2280.68798  8.27%     -    0s
     0     0 2312.97500    0   25 2486.35000 2312.97500  6.97%     -    0s
     0     0 2316.17724    0   33 2486.35000 2316.17724  6.84%     -    0s
     0     0 2316.48424    0   28 2486.35000 2316.48424  6.83%     -    0s
     0     0 2339.99379    0   39 2486.35000 2339.99379  5.89%     -    0s
     0     0 2370.69545    0   27 2486.35000 2370.69545  4.65%     -    0s
     0     0 2370.69545    0   27 2486.35000 2370.69545  4.65%     -    0s
     0     0 2410.84000    0   15 2486.35000 2410.84000  3.04%     -    0s
     0     0 2414.03000    0    3 2486.35000 2414.03000  2.91%     -    0s
     0     0 2414.03000    0    7 2486.35000 2414.03000  2.91%     -    0s
     0     0 2414.03000    0   31 2486.35000 2414.03000  2.91%     -    0s
H    0     0                    2414.0300000 2414.03000  0.00%     -    0s

Cutting planes:
  Gomory: 1
  Cover: 2
  Implied bound: 1
  MIR: 3
  Flow cover: 7

Explored 1 nodes (619 simplex iterations) in 0.13 seconds
Thread count was 2 (of 32 available processors)

Solution count 4: 2414.03 2486.35 2522.09 3402.03 

Optimal solution found (tolerance 1.00e-04)
Best objective 2.414030000000e+03, best bound 2.414030000000e+03, gap 0.0000%

User-callback calls 220, time in user-callback 0.00 sec
================================================================================
executing instance: ./input/Instances/Original/1/absH3high_1n45.dat
--------------------------------------------------------------------------------
Instance details
n	46
H	3
C	3462
Li:
[0, 0, 0, 0, 0, 0, 0, 0, 0, 0, 0, 0, 0, 0, 0, 0, 0, 0, 0, 0, 0, 0, 0, 0, 0, 0, 0, 0, 0, 0, 0, 0, 0, 0, 0, 0, 0, 0, 0, 0, 0, 0, 0, 0, 0, 0, ]
Ui:
[0, 273, 270, 36, 165, 192, 148, 45, 30, 75, 180, 198, 112, 117, 90, 64, 180, 22, 264, 174, 168, 270, 86, 66, 26, 66, 237, 156, 92, 108, 144, 72, 30, 45, 94, 54, 174, 96, 198, 136, 44, 180, 210, 249, 198, 48, ]
Distance matrix:
|0	281	201	160	249	201	93	431	236	139	252	136	116	166	390	110	349	374	303	180	327	464	236	70	44	461	346	439	363	254	312	426	305	206	71	137	169	200	247	260	20	219	256	253	460	278	|
|281	0	448	170	53	142	338	184	121	290	371	390	222	302	111	289	169	434	230	177	238	441	59	212	319	211	86	235	399	306	53	176	99	202	263	157	361	101	370	201	264	344	364	374	469	184	|
|201	448	0	285	430	325	114	556	361	171	191	64	228	174	546	294	453	306	364	289	388	435	393	254	157	585	491	536	318	254	490	554	436	407	266	292	108	388	186	337	207	181	205	190	408	364	|
|160	170	285	0	169	43	182	280	80	120	208	231	58	132	262	230	190	294	151	24	174	345	112	107	183	309	207	280	268	158	219	276	155	235	187	45	192	150	205	107	140	177	202	210	356	119	|
|249	53	430	169	0	152	317	238	145	282	377	369	212	299	157	242	215	452	261	183	273	474	76	181	290	264	140	287	421	320	63	229	145	148	221	142	352	53	374	226	234	346	370	378	498	215	|
|201	142	325	43	152	0	224	237	37	156	230	273	101	164	224	261	148	300	127	38	147	333	83	142	225	266	167	238	270	168	193	233	112	246	221	70	228	148	228	84	180	202	222	232	351	87	|
|93	338	114	182	317	224	0	460	262	92	180	52	124	112	440	199	364	307	292	191	317	415	284	140	57	490	387	452	304	208	377	457	336	297	163	181	84	274	175	256	95	152	188	180	402	280	|
|431	184	556	280	238	237	460	0	199	385	420	508	337	385	108	464	110	429	219	269	206	378	202	365	460	30	98	84	388	340	204	9	126	386	432	294	453	283	421	226	411	404	408	423	422	198	|
|236	121	361	80	145	37	262	199	0	191	255	310	138	197	191	290	114	312	118	72	133	330	69	175	262	229	132	204	279	186	174	195	75	258	251	102	262	153	254	81	216	230	246	257	353	72	|
|139	290	171	120	282	156	92	385	191	0	116	129	71	27	380	246	283	235	201	119	226	329	231	141	129	414	323	367	224	119	336	383	266	308	202	141	72	252	112	169	127	82	118	117	322	195	|
|252	371	191	208	377	230	180	420	255	116	0	187	178	90	443	361	311	127	204	195	224	246	313	257	232	446	382	380	129	81	423	421	320	422	318	242	100	355	5	195	241	34	15	2	225	224	|
|136	390	64	231	369	273	52	508	310	129	187	0	173	141	491	233	409	313	330	239	355	431	335	191	93	538	438	495	316	233	429	505	385	342	203	233	88	325	182	297	143	167	199	187	412	323	|
|116	222	228	58	212	101	124	337	138	71	178	173	0	91	319	206	244	284	187	69	212	357	165	85	130	367	265	333	264	151	267	333	213	244	161	70	140	181	175	145	97	145	177	180	359	165	|
|166	302	174	132	299	164	112	385	197	27	90	141	91	0	388	273	280	208	191	127	215	305	243	167	153	413	329	361	198	96	351	383	270	333	229	159	68	272	86	163	153	56	92	91	296	190	|
|390	111	546	262	157	224	440	108	191	380	443	491	319	388	0	399	164	480	264	261	261	456	156	320	426	125	62	186	442	369	107	99	125	300	374	260	452	210	443	252	372	420	433	446	494	227	|
|110	289	294	230	242	261	199	464	290	246	361	233	206	273	399	0	402	480	382	254	404	562	262	124	143	493	369	490	466	355	302	457	344	135	45	191	279	189	356	337	120	328	364	362	563	348	|
|349	169	453	190	215	148	364	110	114	283	311	409	244	280	164	402	0	324	110	174	101	292	151	289	372	135	109	90	284	230	212	111	70	354	364	216	348	245	312	118	329	295	298	313	330	90	|
|374	434	306	294	452	300	307	429	312	235	127	313	284	208	480	480	324	0	216	274	223	137	380	368	357	448	419	367	40	136	487	432	358	525	436	336	227	443	132	234	361	156	119	127	102	255	|
|303	230	364	151	261	127	292	219	118	201	204	330	187	191	264	382	110	216	0	128	25	213	185	258	314	243	203	176	178	123	282	221	144	372	338	193	256	270	206	45	283	193	191	206	239	46	|
|180	177	289	24	183	38	191	269	72	119	195	239	69	127	261	254	174	274	128	0	151	321	118	130	198	299	204	263	246	139	228	266	147	258	211	68	191	169	193	83	159	166	188	197	333	98	|
|327	238	388	174	273	147	317	206	133	226	224	355	212	215	261	404	101	223	25	151	0	203	198	281	339	228	202	156	184	143	288	209	146	390	362	215	280	286	226	68	308	215	210	226	235	61	|
|464	441	435	345	474	333	415	378	330	329	246	431	357	305	456	562	292	137	213	321	203	0	398	440	458	390	400	301	117	211	492	384	348	578	517	389	344	480	251	251	448	265	233	246	54	259	|
|236	59	393	112	76	83	284	202	69	231	313	335	165	243	156	262	151	380	185	118	198	398	0	167	270	231	110	233	347	250	110	195	85	203	230	103	303	95	311	150	217	284	305	315	422	139	|
|70	212	254	107	181	142	140	365	175	141	257	191	85	167	320	124	289	368	258	130	281	440	167	0	109	394	277	378	349	236	244	359	239	167	81	73	196	135	253	213	53	223	257	258	444	226	|
|44	319	157	183	290	225	57	460	262	129	232	93	130	153	426	143	372	357	314	198	339	458	270	109	0	490	379	462	351	247	353	456	334	250	110	168	140	243	226	274	56	201	238	232	449	294	|
|461	211	585	309	264	266	490	30	229	414	446	538	367	413	125	493	135	448	243	299	228	390	231	394	490	0	125	89	408	365	226	36	156	412	462	324	481	311	447	253	441	430	433	448	436	225	|
|346	86	491	207	140	167	387	98	132	323	382	438	265	329	62	369	109	419	203	204	202	400	110	277	379	125	0	155	381	307	113	90	63	288	339	211	394	186	382	190	327	359	371	384	436	165	|
|439	235	536	280	287	238	452	84	204	367	380	495	333	361	186	490	90	367	176	263	156	301	233	378	462	89	155	0	326	299	267	92	148	432	454	306	429	325	382	199	419	369	366	382	348	172	|
|363	399	318	268	421	270	304	388	279	224	129	316	264	198	442	466	284	40	178	246	184	117	347	349	351	408	381	326	0	113	452	391	321	502	422	311	229	415	134	199	348	152	118	130	98	219	|
|254	306	254	158	320	168	208	340	186	119	81	233	151	96	369	355	230	136	123	139	143	211	250	236	247	365	307	299	113	0	359	340	244	390	310	200	148	308	83	117	238	74	68	83	208	145	|
|312	53	490	219	63	193	377	204	174	336	423	429	267	351	107	302	212	487	282	228	288	492	110	244	353	226	113	267	452	359	0	195	145	194	283	199	407	115	421	254	296	394	415	425	521	237	|
|426	176	554	276	229	233	457	9	195	383	421	505	333	383	99	457	111	432	221	266	209	384	195	359	456	36	90	92	391	340	195	0	122	378	426	289	451	275	421	226	406	404	408	423	427	197	|
|305	99	436	155	145	112	336	126	75	266	320	385	213	270	125	344	70	358	144	147	146	348	85	239	334	156	63	148	321	244	145	122	0	286	310	168	336	177	320	128	285	298	309	322	381	103	|
|206	202	407	235	148	246	297	386	258	308	422	342	244	333	300	135	354	525	372	258	390	578	203	167	250	412	288	432	502	390	194	378	286	0	144	191	362	109	418	329	202	388	421	423	591	329	|
|71	263	266	187	221	221	163	432	251	202	318	203	161	229	374	45	364	436	338	211	362	517	230	81	110	462	339	454	422	310	283	426	310	144	0	150	239	168	313	294	77	285	321	319	518	306	|
|137	157	292	45	142	70	181	294	102	141	242	233	70	159	260	191	216	336	193	68	215	389	103	73	168	324	211	306	311	200	199	289	168	191	150	0	210	113	239	148	117	210	238	244	400	157	|
|169	361	108	192	352	228	84	453	262	72	100	88	140	68	452	279	348	227	256	191	280	344	303	196	140	481	394	429	229	148	407	451	336	362	239	210	0	318	95	231	164	79	111	100	325	258	|
|200	101	388	150	53	148	274	283	153	252	355	325	181	272	210	189	245	443	270	169	286	480	95	135	243	311	186	325	415	308	115	275	177	109	168	113	318	0	352	230	187	323	351	357	498	225	|
|247	370	186	205	374	228	175	421	254	112	5	182	175	86	443	356	312	132	206	193	226	251	311	253	226	447	382	382	134	83	421	421	320	418	313	239	95	352	0	196	237	30	19	6	230	224	|
|260	201	337	107	226	84	256	226	81	169	195	297	145	163	252	337	118	234	45	83	68	251	150	213	274	253	190	199	199	117	254	226	128	329	294	148	231	230	196	0	240	178	184	198	272	29	|
|20	264	207	140	234	180	95	411	216	127	241	143	97	153	372	120	329	361	283	159	308	448	217	53	56	441	327	419	348	238	296	406	285	202	77	117	164	187	237	240	0	208	245	242	446	257	|
|219	344	181	177	346	202	152	404	230	82	34	167	145	56	420	328	295	156	193	166	215	265	284	223	201	430	359	369	152	74	394	404	298	388	285	210	79	323	30	178	208	0	37	35	250	206	|
|256	364	205	202	370	222	188	408	246	118	15	199	177	92	433	364	298	119	191	188	210	233	305	257	238	433	371	366	118	68	415	408	309	421	321	238	111	351	19	184	245	37	0	17	214	212	|
|253	374	190	210	378	232	180	423	257	117	2	187	180	91	446	362	313	127	206	197	226	246	315	258	232	448	384	382	130	83	425	423	322	423	319	244	100	357	6	198	242	35	17	0	225	226	|
|460	469	408	356	498	351	402	422	353	322	225	412	359	296	494	563	330	102	239	333	235	54	422	444	449	436	436	348	98	208	521	427	381	591	518	400	325	498	230	272	446	250	214	225	0	285	|
|278	184	364	119	215	87	280	198	72	195	224	323	165	190	227	348	90	255	46	98	61	259	139	226	294	225	165	172	219	145	237	197	103	329	306	157	258	225	224	29	257	206	212	226	285	0	|

--------------------------------------------------------------------------------
Building model...
	using lazy and cut (CVRPSEP package)
Solving IRP LP...
--------------------------------------------------------------------------------

Gurobi 9.1.0 (linux64) logging started Sat Feb  6 12:14:47 2021

Gurobi Optimizer version 9.1.0 build v9.1.0rc0 (linux64)
Thread count: 32 physical cores, 32 logical processors, using up to 2 threads
Optimize a model with 1831 rows, 10318 columns and 23713 nonzeros
Model fingerprint: 0xd2cb54bb
Variable types: 589 continuous, 9729 integer (414 binary)
Coefficient statistics:
  Matrix range     [1e+00, 1e+03]
  Objective range  [1e-01, 6e+02]
  Bounds range     [1e+00, 3e+02]
  RHS range        [1e+00, 6e+03]
Presolve removed 815 rows and 320 columns
Presolve time: 0.12s
Presolved: 1016 rows, 9998 columns, 21669 nonzeros
Variable types: 363 continuous, 9635 integer (9209 binary)

Root relaxation: objective 1.306867e+04, 979 iterations, 0.03 seconds

    Nodes    |    Current Node    |     Objective Bounds      |     Work
 Expl Unexpl |  Obj  Depth IntInf | Incumbent    BestBd   Gap | It/Node Time

     0     0 13068.6724    0  115          - 13068.6724      -     -    0s
     0     0 13351.1204    0  156          - 13351.1204      -     -    0s
     0     0 13351.2067    0  159          - 13351.2067      -     -    0s
     0     0 13963.7752    0  140          - 13963.7752      -     -    1s
     0     0 14019.2112    0  146          - 14019.2112      -     -    1s
     0     0 14019.5692    0  194          - 14019.5692      -     -    1s
     0     0 14104.1537    0  237          - 14104.1537      -     -    1s
     0     0 14109.2580    0  268          - 14109.2580      -     -    1s
     0     0 14196.0669    0  268          - 14196.0669      -     -    1s
     0     0 14199.7913    0  284          - 14199.7913      -     -    1s
     0     0 14201.7130    0  306          - 14201.7130      -     -    1s
     0     0 14214.8384    0  258          - 14214.8384      -     -    1s
     0     0 14215.2352    0  256          - 14215.2352      -     -    1s
     0     0 14256.0989    0  277          - 14256.0989      -     -    2s
     0     0 14263.1070    0  338          - 14263.1070      -     -    2s
     0     0 14270.0772    0  354          - 14270.0772      -     -    2s
     0     0 14282.0827    0  339          - 14282.0827      -     -    2s
     0     0 14284.4536    0  373          - 14284.4536      -     -    2s
     0     0 14285.0440    0  403          - 14285.0440      -     -    2s
     0     0 14327.8379    0  346          - 14327.8379      -     -    3s
     0     0 14337.4284    0  372          - 14337.4284      -     -    3s
     0     0 14338.0118    0  378          - 14338.0118      -     -    3s
     0     0 14363.6123    0  309          - 14363.6123      -     -    4s
     0     0 14368.3429    0  289          - 14368.3429      -     -    4s
     0     0 14369.1609    0  321          - 14369.1609      -     -    4s
     0     0 14371.3394    0  258          - 14371.3394      -     -    4s
     0     0 14371.5021    0  254          - 14371.5021      -     -    4s
     0     0 14372.5929    0  346          - 14372.5929      -     -    5s
     0     0 14372.5929    0  311          - 14372.5929      -     -    5s
     0     2 14375.4657    0  269          - 14375.4657      -     -    6s
    48    52 14463.0786   14  319          - 14386.8321      -   269   10s
   144   159 14865.3160   41  176          - 14386.8321      -   235   15s
   299   304 15703.2105   99  133          - 14386.8321      -   150   20s
   517   592 16508.8275  194   19          - 14386.8321      -  99.5   25s
   836   848 19085.2700  308    8          - 14390.9755      -  68.8   30s
   938   883 17224.9800  235  395          - 14400.8651      -  64.2   35s
   955   895 15850.1418  130  470          - 14428.1750      -  63.1   40s
   965   901 14826.1438   39  458          - 14449.4753      -  62.4   45s
   973   907 16415.7109  187  472          - 14450.3754      -  61.9   50s
   975   908 17953.8000  279  470          - 14455.0309      -  61.8   57s
   976   912 14464.1865   13  435          - 14462.3306      -  73.9   60s
   986   918 14559.1151   16  300          - 14480.4273      -  78.3   65s
  1015   938 14868.8853   21  223          - 14480.4273      -  88.0   70s
  1081   989 14856.1285   42  167          - 14480.4273      -  94.8   75s
  1170  1055 15222.9578   72  114          - 14480.4273      -  98.1   80s
  1247  1107 15836.3394  102   89          - 14480.4273      -  98.6   85s
  1351  1197 16657.3259  144   83          - 14480.4273      -  97.3   90s
  1534  1295 17636.6970  220   42          - 14480.5521      -  91.8   97s
  1663  1351 18885.1200  265   13          - 14480.5521      -  87.6  100s
* 1699  1300             283    19274.910000 14480.5521  24.9%  85.9  100s
  1770  1289 14801.5812   17  379 19274.9100 14500.8093  24.8%  85.6  114s
  1777  1310 14828.3005   18  256 19274.9100 14500.8093  24.8%  86.3  116s
  1809  1313 14902.7345   22  254 19274.9100 14500.8093  24.8%  86.7  120s
  1835  1329 14903.6016   20  282 19274.9100 14500.8093  24.8%  87.0  139s
  1839  1349 14959.2132   23  240 19274.9100 14500.8093  24.8%  87.4  141s
  1884  1375 14972.2563   23  237 19274.9100 14500.8093  24.8%  87.9  145s
  1949  1429 15033.4258   28  254 19274.9100 14500.8093  24.8%  88.5  151s
  2010  1484 15063.3155   35   86 19274.9100 14500.8093  24.8%  87.8  157s
  2052  1521 15097.4416   42   16 19274.9100 14500.8093  24.8%  87.1  160s
  2103  1549 15105.3977   47    6 19274.9100 14500.8093  24.8%  86.3  165s
  2196  1611 15387.0933   52  180 19274.9100 14500.8093  24.8%  85.1  172s
  2249  1679 15302.5718   55   57 19274.9100 14500.8093  24.8%  84.0  177s
  2334  1727 15321.0476   59   39 19274.9100 14500.8093  24.8%  81.7  182s
  2410  1757 15325.1857   61   28 19274.9100 14500.8093  24.8%  79.8  188s
  2581  1715 15540.9189   82   12 19274.9100 14500.8093  24.8%  75.8  193s
  2596  1718 15714.2833   87   94 19274.9100 14500.8093  24.8%  76.7  195s
  2614  1763 15703.2286   90   91 19274.9100 14500.8093  24.8%  78.3  201s
  2696  1789 15837.8659  147  112 19274.9100 14500.8093  24.8%  77.8  205s
  2769  1885 15917.6149  207   17 19274.9100 14500.8093  24.8%  77.8  212s
  2828  1902 15993.1635  236   57 19274.9100 14500.8093  24.8%  78.0  216s
  2867  1994 16073.7194  259   41 19274.9100 14500.8093  24.8%  77.9  223s
  2972  2117 16760.8518  319   44 19274.9100 14500.8093  24.8%  76.8  230s
  3142  2088 17353.7400  331    - 19274.9100 14509.9122  24.7%  74.9  236s
  3205  2134 14607.8768   21  480 19274.9100 14509.9122  24.7%  75.1  242s
  3252  2150 14698.9684   27  373 19274.9100 14509.9122  24.7%  75.6  249s
  3284  2184 14756.6577   28  304 19274.9100 14509.9122  24.7%  76.7  254s
  3329  2267 14758.5721   32  250 19274.9100 14509.9122  24.7%  76.5  260s
  3427  2429 14822.7263   45  141 19274.9100 14509.9122  24.7%  76.1  268s
  3523  2397 16237.9680  236   17 19274.9100 14509.9122  24.7%  75.4  270s
  3633  2642 14922.3620   56  103 19274.9100 14509.9122  24.7%  73.8  278s
  3911  2685 14943.1281   58  138 19274.9100 14509.9122  24.7%  69.8  290s
  3973  2767 15231.6447   63   40 19274.9100 14509.9122  24.7%  69.9  296s
  4075  2786 15246.6427   73   25 19274.9100 14509.9122  24.7%  69.5  313s
  4077  2811 15257.3950   74   29 19274.9100 14509.9122  24.7%  69.5  317s
  4121  2864 15317.3540   86   15 19274.9100 14525.5143  24.6%  69.7  324s
* 4192  2855             397    19166.980000 14525.5263  24.2%  69.2  325s
  4238  2882 14628.2956   22  521 19166.9800 14526.1958  24.2%  69.4  330s
  4266  2923 14697.7211   30  459 19166.9800 14526.1958  24.2%  70.8  337s
  4289  2982 14850.1039   38  295 19166.9800 14526.1958  24.2%  71.9  341s
  4348  3196 15223.9704   72  124 19166.9800 14526.1958  24.2%  72.5  348s
  4432  3196 15533.8927  156   53 19166.9800 14526.1958  24.2%  71.8  350s
  4564  3460 16136.0653  205   60 19166.9800 14537.7466  24.2%  70.8  359s
  4606  3461 17942.3600  246    2 19166.9800 14537.7466  24.2%  70.4  360s
  4885  3503 17469.4831  226   26 19166.9800 14539.8114  24.1%  67.6  371s
  4951  3527     cutoff  271      19166.9800 14542.8998  24.1%  68.0  377s
  4978  3543     cutoff  268      19166.9800 14544.6588  24.1%  68.9  384s
  4995  3569 14666.3100   25  464 19166.9800 14544.6588  24.1%  69.9  390s
  5021  3617 14795.6849   35  461 19166.9800 14544.6588  24.1%  70.9  395s
  5069  3694 15276.9370   61   74 19166.9800 14546.5471  24.1%  71.9  403s
  5168  3979 15993.0697   86   71 19166.9800 14548.5497  24.1%  72.4  413s
  5252  3980 17021.5605  169   22 19166.9800 14548.5497  24.1%  71.8  415s
  5530  4169 infeasible  283      19166.9800 14550.9240  24.1%  69.8  430s
  5749  4199 14617.9360   21  493 19166.9800 14551.0581  24.1%  68.6  443s
  5774  4221 14804.0622   30  331 19166.9800 14551.0581  24.1%  69.5  451s
  5796  4256 14939.3004   44  364 19166.9800 14551.0581  24.1%  70.5  459s
  5816  4256 14773.6348   35  394 19166.9800 14551.0581  24.1%  70.9  460s
  5831  4346 15183.0158   64  211 19166.9800 14551.0581  24.1%  71.4  472s
  5921  4541 15762.2117  141   36 19166.9800 14551.8633  24.1%  71.5  488s
  6006  4542 17494.7000  224    2 19166.9800 14551.8633  24.1%  70.8  490s
  6157  4589 19117.9300  328    - 19166.9800 14553.9679  24.1%  70.2  502s
  6201  4632 infeasible  328      19166.9800 14555.2384  24.1%  71.3  513s
  6248  4769 14921.1241   26  345 19166.9800 14555.2384  24.1%  72.3  522s
  6385  5086 15261.4149   43  261 19166.9800 14555.2384  24.1%  72.2  538s
  6427  5086 15894.9148   85   91 19166.9800 14555.2384  24.1%  72.6  540s
  6623  5086 16199.9300  314    5 19166.9800 14555.2384  24.1%  71.3  545s
  6744  5324 16211.9504   89  169 19166.9800 14555.6104  24.1%  70.2  559s
  6786  5324 17130.6752  131  108 19166.9800 14555.6104  24.1%  70.1  560s
  7056  5380     cutoff  238      19166.9800 14560.8370  24.0%  68.6  574s
  7082  5413 14761.5593   25  455 19166.9800 14560.8370  24.0%  69.5  582s
  7115  5505 14995.1599   44  245 19166.9800 14560.8370  24.0%  70.4  590s
  7209  5629 16341.0289  122   62 19166.9800 14565.0591  24.0%  71.0  602s
  7336  5641 18708.1200  228    - 19166.9800 14565.0591  24.0%  70.0  605s
  7368  5740 18888.5000  229    4 19166.9800 14565.7476  24.0%  70.8  618s
  7486  5946 18899.3800  230    - 19166.9800 14566.5895  24.0%  71.9  636s
  7748  5993 19002.7800  230   14 19166.9800 14569.7532  24.0%  71.4  654s
* 7760  5967             235    19086.380000 14569.7532  23.7%  71.3  654s
* 7792  6003             235    19076.380000 14571.2501  23.6%  72.6  666s
  7845  6061 14912.2274   33  298 19076.3800 14571.2501  23.6%  73.8  703s
  7903  6521 15092.0515   62  157 19076.3800 14571.2501  23.6%  74.1  725s
  8167  6524 15300.7700   98  210 19076.3800 14571.2501  23.6%  72.7  730s
  8384  6562 18363.7909  323   12 19076.3800 14572.7306  23.6%  71.9  745s
  8444  6644 18766.5700  327   10 19076.3800 14575.1595  23.6%  73.0  755s
  8544  6767     cutoff  333      19076.3800 14575.4170  23.6%  74.4  767s
  8683  7005 15735.7044   62   63 19076.3800 14575.5416  23.6%  75.8  785s
  8934  7224 14897.7616   32  240 19076.3800 14575.5416  23.6%  75.9  800s
  9160  7232 18472.5800  243    - 19076.3800 14575.5416  23.6%  75.3  805s
  9182  7395 16143.2925  111   44 19076.3800 14578.0539  23.6%  75.7  818s
  9245  7395 16394.8323  174   73 19076.3800 14578.0539  23.6%  75.4  820s
  9384  7480 14882.1641   25  313 19076.3800 14583.6608  23.6%  75.3  836s
  9475  7501 15427.4370   62   93 19076.3800 14583.6608  23.6%  76.4  857s
  9486  7818 15452.1971   65  108 19076.3800 14584.6671  23.5%  76.7  874s
  9549  7818 15901.2977  128   26 19076.3800 14584.6671  23.5%  76.6  875s
H 9729  7757                    18943.680000 14584.6671  23.0%  75.7  879s
  9771  7757 15158.8901   78   56 18943.6800 14584.6671  23.0%  76.1  880s
  9823  8105 17877.5670  188   11 18943.6800 14586.9307  23.0%  76.0  899s
  9865  8113 18609.9600  219    9 18943.6800 14586.9307  23.0%  75.8  900s
 10326  8196 18892.5564  225   23 18943.6800 14588.9150  23.0%  74.2  921s
 10402  8247 infeasible  231      18943.6800 14589.9688  23.0%  74.8  936s
 10450  8253 15031.8251   29  263 18943.6800 14590.0215  23.0%  75.9  960s
 10462  8292 14932.0408   28  278 18943.6800 14590.0215  23.0%  76.2  973s
 10508  8379 15373.4290   38  257 18943.6800 14590.0215  23.0%  77.2  985s
 10594  8619 16558.3604   65  107 18943.6800 14592.5388  23.0%  78.1  999s
 10615  8619 16766.0348   74   43 18943.6800 14592.5388  23.0%  78.1 1000s
 10903  8855 18668.1078  115   10 18943.6800 14592.7714  23.0%  77.8 1024s
 11207  8912 18929.6900  123    - 18943.6800 14593.5870  23.0%  77.2 1046s
 11247  8937     cutoff  123      18943.6800 14595.0310  23.0%  78.2 1062s
 11287  8980     cutoff  122      18943.6800 14596.1450  22.9%  79.2 1077s
 11346  9038 14989.2786   33  432 18943.6800 14597.0380  22.9%  80.2 1090s
 11416  9186 15741.6244   68  201 18943.6800 14597.2393  22.9%  81.1 1110s
 11615  9273 14743.6275   28  482 18943.6800 14597.8345  22.9%  81.1 1127s
 11672  9411 15061.1056   53  192 18943.6800 14597.8345  22.9%  82.3 1141s
 11836  9718 15537.8491   92   49 18943.6800 14598.0887  22.9%  83.0 1163s
 11899  9719 15798.4497  166   31 18943.6800 14598.0887  22.9%  82.9 1165s
 12234  9803 17180.6200  246    - 18943.6800 14598.9743  22.9%  82.1 1188s
 12304  9866 17635.6489  246   47 18943.6800 14599.2735  22.9%  83.0 1204s
 12325  9874 18198.2900  254    - 18943.6800 14599.2735  22.9%  82.9 1205s
 12396  9926 18430.3022  256   41 18943.6800 14599.9325  22.9%  83.6 1224s
 12466 10021 18924.8750  273   16 18943.6800 14600.6404  22.9%  84.4 1239s
 12493 10030 14789.8122   29  303 18943.6800 14600.6404  22.9%  84.7 1240s
 12571 10148 infeasible  277      18943.6800 14600.7956  22.9%  85.1 1258s
 12733 10203 14822.5690   27  443 18943.6800 14601.1650  22.9%  85.1 1276s
 12776 10275 15009.5824   41  176 18943.6800 14601.1650  22.9%  86.2 1289s
 12797 10275 15134.4584   52   63 18943.6800 14601.1650  22.9%  86.3 1290s
 12848 10445 15233.2702   60   51 18943.6800 14601.4368  22.9%  87.1 1312s
 12975 10449 15689.6891  146   20 18943.6800 14601.4368  22.9%  87.0 1315s
 13046 10758 16103.8279  161   25 18943.6800 14601.5335  22.9%  87.4 1340s
 13255 10781 16826.7600  146    8 18943.6800 14601.5843  22.9%  87.2 1345s
 13507 10844 18165.9050  206   21 18943.6800 14601.5843  22.9%  85.8 1350s
 13557 10876 17057.8400  191    - 18943.6800 14602.2625  22.9%  85.6 1376s
 13597 10902 17182.8400  191    - 18943.6800 14603.7427  22.9%  86.3 1401s
*13636  8290             191    17195.840000 14604.2262  15.1%  87.0 1424s
*13638  8276             191    17190.840000 14604.2262  15.0%  87.0 1424s
 13683  8412     cutoff  189      17190.8400 14606.9127  15.0%  87.9 1449s
 13708  8412 15385.0674   54  131 17190.8400 14607.2413  15.0%  88.3 1450s
 13840  8632 15218.7597   39  190 17190.8400 14607.3158  15.0%  88.2 1479s
 13861  8632 15329.1136   55   42 17190.8400 14607.3158  15.0%  88.1 1480s
 14099  8832 16382.1716  132   45 17190.8400 14607.3677  15.0%  88.1 1511s
 14363  8889     cutoff  163      17190.8400 14607.9383  15.0%  88.0 1536s
 14411  9069 15112.2803   39  175 17190.8400 14608.0412  15.0%  88.8 1570s
 14646  9185     cutoff  140      17190.8400 14608.4769  15.0%  88.9 1595s
 14785  9247 16012.6402   62  177 17190.8400 14608.6780  15.0%  89.3 1617s
 14859  9284 15129.0204   36  228 17190.8400 14608.6823  15.0%  90.0 1636s
 14896  9447 15056.7178   41  375 17190.8400 14608.6823  15.0%  91.0 1654s
 14917  9447 15274.4494   57  102 17190.8400 14608.6823  15.0%  91.3 1655s
 15067  9749 15907.1992  117   73 17190.8400 14608.7527  15.0%  91.5 1688s
 15151  9756 16228.2206  168   10 17190.8400 14608.7527  15.0%  91.2 1690s
 15411  9800 15796.1769  146   29 17190.8400 14608.8495  15.0%  90.6 1695s
 15519  9878     cutoff  199      17190.8400 14609.5198  15.0%  90.3 1717s
 15600 10027 15909.1837   62  157 17190.8400 14609.8652  15.0%  91.0 1749s
 15621 10027 16192.8392   83  149 17190.8400 14609.8652  15.0%  90.9 1750s
 15756 10109 14846.5377   32  343 17190.8400 14609.9361  15.0%  91.2 1771s
 15857 10286 15593.0841   78   17 17190.8400 14610.1136  15.0%  91.7 1791s
 16060 10390 16798.0032  145   33 17190.8400 14610.1346  15.0%  91.8 1810s
 16170 10714 15338.1673   47   48 17190.8400 14610.5074  15.0%  92.4 1829s
 16191 10714 15526.9800   56  128 17190.8400 14610.5074  15.0%  92.5 1830s
 16544 10777 14985.4164   22  337 17190.8400 14612.2418  15.0%  91.8 1849s
 16582 10777 15678.1854   60  196 17190.8400 14612.2418  15.0%  91.9 1850s
 16607 10888 16213.6994   73  124 17190.8400 14612.2758  15.0%  92.3 1872s
 16731 10889 15667.7362   85   48 17190.8400 14612.4282  15.0%  92.7 1875s
 16755 11017 15009.1989   33  194 17190.8400 14612.4282  15.0%  92.7 1892s
 16893 11031 17040.5955  136   17 17190.8400 14612.4282  15.0%  92.8 1895s
 16919 11157 15364.2056   60   58 17190.8400 14613.5441  15.0%  93.0 1911s
 17088 11216 infeasible   79      17190.8400 14614.0688  15.0%  93.1 1930s
 17152 11256 15064.1204   34  298 17190.8400 14614.5840  15.0%  93.6 1948s
 17196 11366 15644.5899   53  273 17190.8400 14614.5840  15.0%  94.3 1965s
 17318 11490     cutoff  138      17190.8400 14617.9469  15.0%  94.6 1986s
 17496 11556 15143.9670   37  360 17190.8400 14618.2789  15.0%  94.7 2011s
 17556 11626 15668.9981   72  215 17190.8400 14618.5310  15.0%  95.2 2033s
 17661 11657     cutoff  127      17190.8400 14621.8077  14.9%  95.5 2053s
 17695 11675 15203.3540   40  367 17190.8400 14621.8093  14.9%  96.1 2180s
 17713 11832 15349.8874   49  247 17190.8400 14622.2012  14.9%  96.3 2206s
 17886 11881     cutoff  132      17190.8400 14623.0155  14.9%  96.6 2233s
 17948 11930 14929.3547   28  376 17190.8400 14623.0951  14.9%  97.2 2258s
 17994 11985 15103.7447   35  204 17190.8400 14623.0951  14.9%  97.9 2284s
 18049 12138 15371.5188   42  326 17190.8400 14623.0951  14.9%  98.6 2315s
 18223 12153 16644.6800   94    - 17190.8400 14623.0951  14.9%  98.6 2320s
 18280 12311 15542.8347   50  300 17190.8400 14623.0951  14.9%  98.5 2348s
 18343 12311 16238.4698   79   36 17190.8400 14623.0951  14.9%  98.6 2350s
 18432 12534     cutoff  103      17190.8400 14623.1779  14.9%  98.9 2388s
 18701 12821 15213.7288   54  211 17190.8400 14623.2241  14.9%  98.7 2421s
 19041 12873 infeasible  157      17190.8400 14624.5010  14.9%  98.1 2454s
 19079 12948 15159.0983   34  421 17190.8400 14625.4107  14.9%  98.8 2479s
 19101 12948 15437.3397   56  277 17190.8400 14625.4107  14.9%  99.0 2480s
 19158 13048 15701.1160   73  100 17190.8400 14628.3092  14.9%  99.4 2507s
 19311 13061 15134.2620   40  361 17190.8400 14628.3415  14.9%   100 2510s
 19313 13132     cutoff  158      17190.8400 14628.7191  14.9%   100 2532s
 19390 13290 15281.2587   42  286 17190.8400 14628.7191  14.9%   100 2557s
 19505 13294 16501.5257  119   78 17190.8400 14628.7191  14.9%   100 2560s
 19586 13341 16800.1500  128    9 17190.8400 14629.4086  14.9%   100 2584s
 19626 13348     cutoff  151      17190.8400 14630.0790  14.9%   100 2585s
 19651 13439 15174.4727   39  322 17190.8400 14630.0790  14.9%   101 2608s
 19695 13439 15571.8625   67   39 17190.8400 14630.0790  14.9%   101 2610s
 19742 13803 15633.6947   70   53 17190.8400 14630.3624  14.9%   101 2642s
 19913 13809 17027.2900  171    6 17190.8400 14630.3624  14.9%   101 2645s
 20119 13825 16097.7435  175    5 17190.8400 14630.5752  14.9%   100 2650s
 20200 13838 infeasible  174      17190.8400 14630.6820  14.9%   100 2715s
 20252 13883 15045.8100   18  324 17190.8400 14630.7506  14.9%   100 2737s
 20303 13961 15712.7465   52  209 17190.8400 14631.8402  14.9%   101 2756s
 20409 14137 15035.9816   32  402 17190.8400 14633.8898  14.9%   101 2780s
 20605 14321 15613.4834   61  297 17190.8400 14635.6904  14.9%   101 2804s
 20631 14321 16072.7373   87  139 17190.8400 14635.6904  14.9%   101 2805s
 20851 14345 14784.8993   31  426 17190.8400 14636.3124  14.9%   101 2826s
 20874 14481 15144.9468   48   33 17190.8400 14636.9159  14.9%   101 2845s
 21066 14560 16075.2767  106   16 17190.8400 14637.2716  14.9%   101 2868s
 21159 14655 16955.8016  155   31 17190.8400 14637.7607  14.9%   102 2890s
 21267 14678     cutoff  163      17190.8400 14638.3640  14.8%   102 2913s
 21290 14818 14953.0620   30  368 17190.8400 14638.7082  14.8%   103 2936s
 21441 14822 17109.9600  142    8 17190.8400 14638.7082  14.8%   103 2940s
 21456 14926 15764.6563   72   82 17190.8400 14639.3330  14.8%   103 2959s
 21483 14926 16164.3361   99   46 17190.8400 14639.3330  14.8%   103 2960s
 21599 14958 17122.3500  168    - 17190.8400 14639.4713  14.8%   103 2983s
 21643 14983 17188.5100  168    - 17190.8400 14639.8717  14.8%   103 3009s
 21670 14988     cutoff  145      17190.8400 14641.4702  14.8%   104 3010s
 21684 15009     cutoff  172      17190.8400 14641.6881  14.8%   104 3032s
 21715 15100     cutoff  170      17190.8400 14641.7324  14.8%   104 3055s
 21823 15136 14866.2285   22  130 17190.8400 14641.9547  14.8%   105 3080s
 21859 15192 14888.3182   32  228 17190.8400 14641.9547  14.8%   105 3112s
 21915 15287 14948.4822   45   84 17190.8400 14641.9547  14.8%   106 3139s
 21957 15287 15063.9940   66   79 17190.8400 14641.9547  14.8%   106 3140s
 22010 15500 15449.8369   71   55 17190.8400 14642.7848  14.8%   107 3172s
 22136 15519 16414.1400  134   17 17190.8400 14642.7848  14.8%   107 3175s
 22330 15576 16991.6300  164    - 17190.8400 14643.4851  14.8%   106 3207s
 22400 15653 infeasible  180      17190.8400 14643.6019  14.8%   107 3240s
 22479 15754 15135.5829   30  437 17190.8400 14643.6019  14.8%   107 3277s
 22601 15760 15042.3535   29  375 17190.8400 14643.6019  14.8%   107 3280s
 22603 15920 15869.6214   74  196 17190.8400 14644.2974  14.8%   107 3305s
 22787 16026 16786.2725  120   82 17190.8400 14645.1589  14.8%   107 3338s
 22924 16114 15246.1239   34  140 17190.8400 14645.7339  14.8%   108 3373s
 23084 16174     cutoff   87      17190.8400 14645.8697  14.8%   108 3405s
 23129 16361 15293.5427   50  317 17190.8400 14646.4561  14.8%   108 3435s
 23336 16424 14861.0566   26  400 17190.8400 14646.4561  14.8%   108 3468s
 23407 16568 15318.2096   52  164 17190.8400 14646.4561  14.8%   109 3493s
 23477 16569 15536.8376   79  165 17190.8400 14646.4561  14.8%   109 3495s
 23572 16760 15563.9272   62   51 17190.8400 14646.4561  14.8%   109 3522s
 23679 16762 15943.0071  140   50 17190.8400 14646.4561  14.8%   109 3525s
 23808 17044 15915.3229   99   50 17190.8400 14647.7623  14.8%   109 3560s
*23819 10533             103    15964.240000 14647.7623  8.25%   109 3560s
 24052 10533     cutoff  201      15964.2400 14647.7623  8.25%   108 3565s
 24151 10382 14866.6283   26  321 15964.2400 14647.8788  8.25%   108 3587s
 24273 10388 infeasible  123      15964.2400 14647.8788  8.25%   108 3590s
 24278 10440 15406.0578   60  160 15964.2400 14647.9747  8.25%   108 3600s

Cutting planes:
  User: 2607
  Gomory: 23
  Cover: 369
  Implied bound: 126
  Projected implied bound: 6
  Clique: 30
  MIR: 104
  StrongCG: 4
  Flow cover: 257
  GUB cover: 1
  Zero half: 82
  Network: 2
  RLT: 277
  Relax-and-lift: 5
  Lazy constraints: 6842

Explored 24353 nodes (2647219 simplex iterations) in 3601.00 seconds
Thread count was 2 (of 32 available processors)

Solution count 8: 15964.2 17190.8 17195.8 ... 19274.9

Time limit reached
Best objective 1.596424000000e+04, best bound 1.464808029838e+04, gap 8.2444%

User-callback calls 407647, time in user-callback 288.89 sec
================================================================================
executing instance: ./input/Instances/Original/1/absH3high_2n45.dat
--------------------------------------------------------------------------------
Instance details
n	46
H	3
C	3171
Li:
[0, 0, 0, 0, 0, 0, 0, 0, 0, 0, 0, 0, 0, 0, 0, 0, 0, 0, 0, 0, 0, 0, 0, 0, 0, 0, 0, 0, 0, 0, 0, 0, 0, 0, 0, 0, 0, 0, 0, 0, 0, 0, 0, 0, 0, 0, ]
Ui:
[0, 246, 160, 78, 20, 87, 144, 40, 20, 82, 60, 96, 24, 136, 160, 108, 160, 26, 228, 51, 24, 240, 231, 70, 32, 105, 174, 114, 246, 126, 132, 76, 22, 42, 255, 132, 148, 162, 66, 111, 102, 240, 123, 201, 297, 78, ]
Distance matrix:
|0	148	402	550	329	420	187	318	366	280	504	273	233	333	112	344	379	481	113	593	159	523	261	424	90	359	163	461	413	240	105	299	265	89	371	462	339	273	495	22	41	439	369	506	563	468	|
|148	0	284	517	394	284	136	369	244	311	496	166	329	355	223	202	338	388	204	565	254	506	118	346	71	423	173	471	336	118	105	352	198	105	248	428	302	305	487	153	179	441	230	497	517	370	|
|402	284	0	350	448	80	228	406	42	343	382	129	456	350	412	126	219	131	382	395	410	371	180	137	314	466	289	400	137	167	389	401	169	316	39	280	217	342	373	394	414	362	108	380	324	106	|
|550	517	350	0	339	429	385	308	374	295	93	375	431	249	481	461	180	239	458	48	445	57	474	214	496	333	387	160	216	424	601	321	320	471	376	90	217	301	93	530	534	146	452	88	52	262	|
|329	394	448	339	0	513	282	42	438	105	255	363	115	108	221	484	259	431	217	365	172	289	436	362	333	30	224	189	353	380	423	47	291	296	443	285	240	107	251	307	294	193	495	260	378	437	|
|420	284	80	429	513	0	267	473	76	408	462	163	509	421	449	86	298	201	421	474	455	451	167	217	330	533	333	478	217	181	386	466	225	341	70	360	291	406	453	416	438	440	59	460	400	176	|
