




arguments: ./build/bc_mirp -f ./input/orig_exec_205.cfg
Current dir: /scratch/gui/bc_mirp
File verbosity level: 9
date       time         ( uptime  ) [ thread name/id ]                   file:line     v| 
2021-02-14 07:14:23.253 (   0.162s) [main thread     ]             loguru.cpp:789   INFO| Logging to './output/vi_vc+vr/OU/V3/Original/execution_14_02_2021_07_14_23.log', mode: 'a', verbosity: 9
--------------------------------------------------------------------------------
Parameters
                           instance_path           ./input/Instances/Original/5/
                            model_policy                                       1
                             nb_vehicles                                       3
                              output_dir       ./output/vi_vc+vr/OU/V3/Original/
                            sec_strategy                                       1
                       solver_nb_threads                                       2
                         solver_show_log                                    true
                       solver_time_limit                                    3600
                              use_vi_cos                                   false
                              use_vi_cus                                   false
                         use_vi_hc1_full                                   false
                         use_vi_hc1_half                                   false
                      use_vi_hc1_quarter                                   false
                              use_vi_hc2                                   false
                              use_vi_hc3                                   false
                         use_vi_lex_full                                   false
                         use_vi_lex_half                                   false
                      use_vi_lex_quarter                                   false
                              use_vi_qua                                   false
                               use_vi_vc                                    true
                               use_vi_vr                                    true
--------------------------------------------------------------------------------
executing instance: ./input/Instances/Original/5/absH3low_4n50.dat
--------------------------------------------------------------------------------
Instance details
n	51
H	3
C	4066
Li:
[0, 0, 0, 0, 0, 0, 0, 0, 0, 0, 0, 0, 0, 0, 0, 0, 0, 0, 0, 0, 0, 0, 0, 0, 0, 0, 0, 0, 0, 0, 0, 0, 0, 0, 0, 0, 0, 0, 0, 0, 0, 0, 0, 0, 0, 0, 0, 0, 0, 0, 0, ]
Ui:
[0, 108, 126, 122, 66, 120, 48, 30, 128, 54, 158, 198, 36, 66, 210, 234, 147, 297, 171, 128, 116, 120, 219, 70, 294, 207, 134, 128, 234, 122, 22, 183, 195, 255, 132, 124, 66, 189, 219, 66, 128, 102, 288, 66, 87, 136, 36, 39, 282, 36, 237, ]
Distance matrix:
|0	210	444	498	509	104	438	228	487	304	456	434	526	476	163	47	293	396	293	290	313	85	280	437	293	336	409	106	449	376	433	478	193	404	404	534	278	181	380	507	189	438	263	473	353	216	202	218	452	254	465	|
|210	0	299	507	359	106	345	409	358	411	320	402	555	448	136	200	289	264	306	427	141	222	83	348	264	320	283	303	380	208	258	357	170	348	475	542	243	347	355	379	65	479	172	373	355	251	112	229	402	210	300	|
|444	299	0	363	65	358	116	542	66	440	26	241	425	272	282	407	251	51	276	490	159	397	224	124	217	237	48	490	170	99	83	74	261	180	430	385	214	479	231	85	270	390	184	116	271	300	409	276	210	215	54	|
|498	507	363	0	385	482	246	424	326	254	343	123	63	93	388	452	221	337	211	314	428	414	480	239	243	187	324	463	194	418	438	307	346	188	156	36	264	392	156	326	444	87	340	258	154	286	603	294	153	297	417	|
|509	359	65	385	0	422	145	602	59	492	59	269	448	292	348	472	305	115	329	545	218	462	281	152	274	286	106	554	192	153	116	78	326	216	472	403	274	540	271	63	334	425	249	127	316	361	468	337	233	278	69	|
|104	106	358	482	422	0	372	309	408	337	374	396	521	441	98	96	262	314	271	342	215	124	177	373	249	302	329	198	394	281	337	402	139	353	419	518	230	250	343	428	90	437	188	405	328	200	134	188	406	199	372	|
|438	345	116	246	145	372	0	485	87	357	97	126	309	155	279	394	180	101	200	414	223	373	288	8	157	150	84	459	53	188	196	68	245	72	328	269	165	427	128	97	297	280	184	36	175	250	456	233	94	184	170	|
|228	409	542	424	602	309	485	0	561	170	544	419	424	446	298	214	305	491	286	115	462	187	457	480	331	339	496	124	470	510	565	545	295	424	279	454	329	66	376	576	363	340	370	520	330	242	429	266	453	328	581	|
|487	358	66	326	59	408	87	561	0	441	40	211	389	233	324	446	258	95	281	497	220	431	287	95	230	234	79	522	133	164	146	19	297	160	415	344	233	500	215	21	323	367	224	68	261	320	470	299	174	242	106	|
|304	411	440	254	492	337	357	170	441	0	434	266	255	286	275	266	189	392	164	63	408	225	428	351	224	207	392	234	330	438	484	424	250	287	112	284	232	149	233	453	349	170	302	389	185	168	471	195	305	248	487	|
|456	320	26	343	59	374	97	544	40	434	0	223	406	252	294	418	247	60	271	487	181	405	247	105	215	229	49	498	149	124	109	48	270	165	419	364	215	482	218	60	288	375	194	92	261	302	431	279	190	220	75	|
|434	402	241	123	269	396	126	419	211	266	223	0	185	46	298	387	140	213	145	328	310	355	366	118	147	97	201	425	78	295	315	191	256	65	211	151	166	371	53	215	343	157	231	145	90	220	505	217	41	198	295	|
|526	555	425	63	448	521	309	424	389	255	406	185	0	156	430	481	266	398	252	310	485	442	534	301	293	237	386	480	257	478	500	370	390	249	145	55	313	401	212	389	491	89	392	321	201	322	646	334	216	345	479	|
|476	448	272	93	292	441	155	446	233	286	252	46	156	0	343	429	183	250	184	348	353	396	411	148	192	140	236	461	102	334	350	214	302	106	214	113	212	402	98	233	389	151	277	165	125	261	551	260	62	244	325	|
|163	136	282	388	348	98	279	298	324	275	294	298	430	343	0	124	167	234	178	296	167	121	162	279	151	205	247	216	297	224	280	316	42	256	340	423	132	232	246	344	74	349	100	314	233	115	216	97	308	101	307	|
|47	200	407	452	472	96	394	214	446	266	418	387	481	429	124	0	246	358	245	259	284	41	261	392	247	289	370	103	403	345	402	436	150	358	361	488	232	158	333	466	165	393	223	430	306	168	217	171	406	210	431	|
|293	289	251	221	305	262	180	305	258	189	247	140	266	183	167	246	0	204	26	240	238	215	276	175	37	43	203	289	169	255	297	242	125	122	202	257	52	248	87	272	225	191	134	215	67	80	382	77	163	81	298	|
|396	264	51	337	115	314	101	491	95	392	60	213	398	250	234	358	204	0	229	442	130	347	196	108	169	194	19	440	152	87	102	93	211	149	390	363	165	428	194	116	228	355	134	117	230	250	376	225	189	164	95	|
|293	306	276	211	329	271	200	286	281	164	271	145	252	184	178	245	26	229	0	216	262	212	297	195	63	53	228	280	184	280	323	264	138	137	178	248	76	232	95	294	241	173	156	234	60	77	395	83	172	102	324	|
|290	427	490	314	545	342	414	115	497	63	487	328	310	348	296	259	240	442	216	0	443	220	456	408	273	264	443	204	390	479	529	480	278	346	165	343	278	115	293	509	369	229	340	447	244	202	473	230	366	288	536	|
|313	141	159	428	218	215	223	462	220	408	181	310	485	353	167	284	238	130	262	443	0	288	67	228	202	252	149	382	267	67	122	221	168	247	440	459	186	396	273	241	125	423	107	245	291	242	251	214	297	162	160	|
|85	222	397	414	462	124	373	187	431	225	405	355	442	396	121	41	215	347	212	220	288	0	273	371	221	258	357	95	378	344	401	420	136	331	321	450	208	126	302	450	177	353	213	409	272	136	253	143	377	190	426	|
|280	83	224	480	281	177	288	457	287	428	247	366	534	411	162	261	276	196	297	456	67	273	0	292	243	298	215	363	329	128	176	288	179	305	475	513	224	392	324	307	96	466	143	311	335	261	187	235	357	195	219	|
|437	348	124	239	152	373	8	480	95	351	105	118	301	148	279	392	175	108	195	408	228	371	292	0	154	144	91	456	46	194	203	76	244	65	320	261	163	423	121	103	299	273	185	40	168	247	459	230	86	183	178	|
|293	264	217	243	274	249	157	331	230	224	215	147	293	192	151	247	37	169	63	273	202	221	243	154	0	57	170	303	157	217	260	215	110	111	238	278	21	271	94	245	201	223	100	193	92	93	362	78	160	54	263	|
|336	320	237	187	286	302	150	339	234	207	229	97	237	140	205	289	43	194	53	264	252	258	298	144	57	0	190	331	131	257	294	216	163	84	197	221	77	285	44	246	258	172	155	183	39	123	418	119	120	110	288	|
|409	283	48	324	106	329	84	496	79	392	49	201	386	236	247	370	203	19	228	443	149	357	215	91	170	190	0	449	136	105	114	75	221	138	384	349	168	434	185	99	245	346	146	98	224	255	394	231	174	171	99	|
|106	303	490	463	554	198	459	124	522	234	498	425	480	461	216	103	289	440	280	204	382	95	363	456	303	331	449	0	458	439	496	510	229	410	344	498	293	89	374	540	267	391	307	495	336	211	308	226	451	280	520	|
|449	380	170	194	192	394	53	470	133	330	149	78	257	102	297	403	169	152	184	390	267	378	329	46	157	131	136	458	0	238	249	114	259	47	287	216	171	416	96	137	327	235	211	67	145	247	488	235	41	197	223	|
|376	208	99	418	153	281	188	510	164	438	124	295	478	334	224	345	255	87	280	479	67	344	128	194	217	257	105	439	238	0	57	169	216	230	453	445	206	445	268	184	191	427	141	202	296	278	315	250	274	191	92	|
|433	258	83	438	116	337	196	565	146	484	109	315	500	350	280	402	297	102	323	529	122	401	176	203	260	294	114	496	249	57	0	157	271	252	490	463	251	499	296	162	247	457	195	199	331	329	362	302	288	241	47	|
|478	357	74	307	78	402	68	545	19	424	48	191	370	214	316	436	242	93	264	480	221	420	288	76	215	216	75	510	114	169	157	0	287	141	396	325	219	485	196	31	319	347	216	49	243	306	469	286	154	230	120	|
|193	170	261	346	326	139	245	295	297	250	270	256	390	302	42	150	125	211	138	278	168	136	179	244	110	163	221	229	259	216	271	287	0	216	305	382	91	229	204	316	105	310	78	280	192	83	257	60	268	62	292	|
|404	348	180	188	216	353	72	424	160	287	165	65	249	106	256	358	122	149	137	346	247	331	305	65	111	84	138	410	47	230	252	141	216	0	255	215	126	369	56	168	292	210	177	102	103	200	454	189	54	155	234	|
|404	475	430	156	472	419	328	279	415	112	419	211	145	214	340	361	202	390	178	165	440	321	475	320	238	197	384	344	287	453	490	396	305	255	0	181	254	261	201	422	410	69	335	353	160	225	551	246	252	280	482	|
|534	542	385	36	403	518	269	454	344	284	364	151	55	113	423	488	257	363	248	343	459	450	513	261	278	221	349	498	216	445	463	325	382	215	181	0	298	425	189	342	479	115	373	276	190	323	638	330	175	332	439	|
|278	243	214	264	274	230	165	329	233	232	215	166	313	212	132	232	52	165	76	278	186	208	224	163	21	77	168	293	171	206	251	219	91	126	254	298	0	267	114	250	181	242	82	202	112	88	341	68	177	33	258	|
|181	347	479	392	540	250	427	66	500	149	482	371	401	402	232	158	248	428	232	115	396	126	392	423	271	285	434	89	416	445	499	485	229	369	261	425	267	0	325	516	298	313	305	463	281	180	375	203	403	264	516	|
|380	355	231	156	271	343	128	376	215	233	218	53	212	98	246	333	87	194	95	293	273	302	324	121	94	44	185	374	96	268	296	196	204	56	201	189	114	325	0	224	294	161	185	157	49	167	455	163	78	147	284	|
|507	379	85	326	63	428	97	576	21	453	60	215	389	233	344	466	272	116	294	509	241	450	307	103	245	246	99	540	137	184	162	31	316	168	422	342	250	516	224	0	344	371	244	70	271	337	490	317	176	261	120	|
|189	65	270	444	334	90	297	363	323	349	288	343	491	389	74	165	225	228	241	369	125	177	96	299	201	258	245	267	327	191	247	319	105	292	410	479	181	298	294	344	0	414	116	328	291	187	163	165	345	147	282	|
|438	479	390	87	425	437	280	340	367	170	375	157	89	151	349	393	191	355	173	229	423	353	466	273	223	172	346	391	235	427	457	347	310	210	69	115	242	313	161	371	414	0	323	301	133	238	565	253	197	273	444	|
|263	172	184	340	249	188	184	370	224	302	194	231	392	277	100	223	134	134	156	340	107	213	143	185	100	155	146	307	211	141	195	216	78	177	335	373	82	305	185	244	116	323	0	217	192	138	278	110	230	55	214	|
|473	373	116	258	127	405	36	520	68	389	92	145	321	165	314	430	215	117	234	447	245	409	311	40	193	183	98	495	67	202	199	49	280	102	353	276	202	463	157	70	328	301	217	0	205	286	485	269	106	220	167	|
|353	355	271	154	316	328	175	330	261	185	261	90	201	125	233	306	67	230	60	244	291	272	335	168	92	39	224	336	145	296	331	243	192	103	160	190	112	281	49	271	291	133	192	205	0	138	449	141	123	145	323	|
|216	251	300	286	361	200	250	242	320	168	302	220	322	261	115	168	80	250	77	202	242	136	261	247	93	123	255	211	247	278	329	306	83	200	225	323	88	180	167	337	187	238	138	286	138	0	328	28	243	88	340	|
|202	112	409	603	468	134	456	429	470	471	431	505	646	551	216	217	382	376	395	473	251	253	187	459	362	418	394	308	488	315	362	469	257	454	551	638	341	375	455	490	163	565	278	485	449	328	0	313	508	308	406	|
|218	229	276	294	337	188	233	266	299	195	279	217	334	260	97	171	77	225	83	230	214	143	235	230	78	119	231	226	235	250	302	286	60	189	246	330	68	203	163	317	165	253	110	269	141	28	313	0	235	61	315	|
|452	402	210	153	233	406	94	453	174	305	190	41	216	62	308	406	163	189	172	366	297	377	357	86	160	120	174	451	41	274	288	154	268	54	252	175	177	403	78	176	345	197	230	106	123	243	508	235	0	207	264	|
|254	210	215	297	278	199	184	328	242	248	220	198	345	244	101	210	81	164	102	288	162	190	195	183	54	110	171	280	197	191	241	230	62	155	280	332	33	264	147	261	147	273	55	220	145	88	308	61	207	0	253	|
|465	300	54	417	69	372	170	581	106	487	75	295	479	325	307	431	298	95	324	536	160	426	219	178	263	288	99	520	223	92	47	120	292	234	482	439	258	516	284	120	282	444	214	167	323	340	406	315	264	253	0	|

--------------------------------------------------------------------------------
Building model...
	using lazy and cut (CVRPSEP package)
Solving IRP LP...
--------------------------------------------------------------------------------

Gurobi 9.1.0 (linux64) logging started Sun Feb 14 07:14:23 2021

Gurobi Optimizer version 9.1.0 build v9.1.0rc0 (linux64)
Thread count: 32 physical cores, 32 logical processors, using up to 2 threads
Optimize a model with 2031 rows, 12588 columns and 28593 nonzeros
Model fingerprint: 0x7e811bef
Variable types: 654 continuous, 11934 integer (459 binary)
Coefficient statistics:
  Matrix range     [1e+00, 1e+03]
  Objective range  [1e-02, 6e+02]
  Bounds range     [1e+00, 3e+02]
  RHS range        [1e+00, 7e+03]
Presolve removed 905 rows and 355 columns
Presolve time: 0.12s
Presolved: 1126 rows, 12233 columns, 26324 nonzeros
Variable types: 403 continuous, 11830 integer (11357 binary)

Root relaxation: objective 3.376119e+03, 1329 iterations, 0.04 seconds

    Nodes    |    Current Node    |     Objective Bounds      |     Work
 Expl Unexpl |  Obj  Depth IntInf | Incumbent    BestBd   Gap | It/Node Time

     0     0 3376.11867    0  154          - 3376.11867      -     -    0s
     0     0 3679.63657    0  145          - 3679.63657      -     -    0s
     0     0 4295.87926    0  239          - 4295.87926      -     -    0s
     0     0 4367.81065    0  216          - 4367.81065      -     -    1s
     0     0 4384.16035    0  274          - 4384.16035      -     -    1s
     0     0 4390.67714    0  304          - 4390.67714      -     -    1s
     0     0 4397.05509    0  314          - 4397.05509      -     -    1s
     0     0 4397.25412    0  313          - 4397.25412      -     -    1s
     0     0 4504.67057    0  242          - 4504.67057      -     -    1s
     0     0 4518.48431    0  363          - 4518.48431      -     -    1s
     0     0 4525.51190    0  383          - 4525.51190      -     -    1s
     0     0 4527.85433    0  342          - 4527.85433      -     -    1s
     0     0 4541.98102    0  339          - 4541.98102      -     -    1s
     0     0 4545.41445    0  340          - 4545.41445      -     -    2s
     0     0 4553.93192    0  327          - 4553.93192      -     -    2s
     0     0 4554.75030    0  332          - 4554.75030      -     -    2s
     0     0 4627.89316    0  321          - 4627.89316      -     -    2s
     0     0 4635.17517    0  334          - 4635.17517      -     -    2s
     0     0 4636.35117    0  313          - 4636.35117      -     -    2s
     0     0 4653.99059    0  395          - 4653.99059      -     -    3s
     0     0 4653.99059    0  362          - 4653.99059      -     -    3s
     0     2 4658.47058    0  356          - 4658.47058      -     -    5s
   116   125 5205.68217   28  161          - 4699.56833      -   206   10s
   478   471 4941.12098   23   73          - 4699.56833      -  92.4   15s
   729   697 6661.17818  142  171          - 4703.28644      -  74.5   20s
   739   704 6866.70000  159  430          - 4704.90382      -  73.5   25s
   749   711 7668.72964  189  584          - 4717.47421      -  72.5   30s
   760   718 5119.11524   71  538          - 4731.51397      -  71.5   59s
   764   721 6115.57853   94  587          - 4733.27388      -  71.1   60s
   768   723 5282.70185   31  518          - 4740.91724      -  70.8   66s
   792   742 4784.06838   19  406          - 4744.19857      -   101   70s
   829   769 4857.40943   28  362          - 4744.19857      -   117   75s
   894   819 5034.60283   44  233          - 4744.19857      -   131   80s
   988   888 5248.23861   68  147          - 4744.19857      -   138   85s
  1127   997 5777.66244  108  132          - 4744.19857      -   141   90s
  1313  1158 6390.24075  155  123          - 4744.19857      -   135   95s
  1383  1221 6665.54237  169  117          - 4744.19857      -   131  122s
  1557  1258 7455.68226  207   30          - 4744.19857      -   122  125s
  1761  1363 9989.83000  255   16          - 4761.17520      -   114  132s
  1852  1372 4822.82174   19  617          - 4761.94821      -   113  135s
  1862  1378 4903.75567   20  528          - 4761.94821      -   119  140s
  1864  1379 4926.70217   23  492          - 4761.94821      -   120  153s
  1865  1379 4948.02456   21  519          - 4761.94821      -   121  198s
  1870  1385 4989.16891   26  386          - 4761.94821      -   123  200s
  1880  1392 4980.48254   25  318          - 4761.94821      -   128  205s
  1884  1398 5028.09392   28  295          - 4761.94821      -   129  210s
  1932  1443 5131.29240   46  159          - 4761.94821      -   134  215s
  1994  1478 5326.74172   61   71          - 4761.94821      -   138  220s
  2046  1503 5143.24963   34  275          - 4761.94821      -   141  225s
  2132  1570 5270.49101   43  280          - 4761.94821      -   142  230s
  2239  1675 6259.49493  108   10          - 4761.94821      -   141  236s
  2354  1711 6936.40000  138    4          - 4761.97096      -   137  240s
  2458  1773 4980.63534   24  322          - 4761.97096      -   137  245s
  2568  1823 5068.62817   31  183          - 4761.97096      -   137  252s
  2642  1835 5169.63561   33  187          - 4761.97096      -   138  283s
  2651  1843 5226.45367   35  198          - 4761.97096      -   139  285s
  2681  1866 5201.34301   39  174          - 4761.97096      -   141  290s
  2745  1919 5296.00282   48  115          - 4761.97096      -   144  297s
  2813  1960 5457.93174   54  114          - 4761.97096      -   146  302s
  2873  2028 5590.26464   62  122          - 4761.97096      -   147  307s
  2923  2057 5664.94927   71   50          - 4761.97096      -   148  330s
  3035  2230 5983.59460   87  103          - 4761.97096      -   148  338s
  3203  2356 6183.33146   99   31          - 4764.56530      -   144  344s
  3357  2396 6961.06000  128   10          - 4764.56530      -   138  345s
  3430  2539 4933.42072   19  479          - 4764.56530      -   139  352s
  3619  2576 4992.50261   20  327          - 4764.56530      -   135  356s
  3635  2601 5150.41042   26  307          - 4764.56530      -   138  361s
  3664  2623 5153.20628   27  317          - 4764.56530      -   141  365s
  3675  2662 5298.09100   34  208          - 4764.56530      -   142  394s
  3714  2706 5367.01268   40  163          - 4764.56530      -   143  397s
  3758  2782 5458.64316   54  107          - 4764.56530      -   144  402s
  3834  2873 5546.02559   66  119          - 4764.56530      -   144  407s
  3925  3046 5732.25970   84   46          - 4764.56530      -   144  413s
  4098  3210 6039.34068  102   58          - 4764.56530      -   142  420s
  4296  3272 6810.14862  126   47          - 4767.31949      -   139  425s
  4373  3288 4939.20414   18  501          - 4767.31949      -   140  432s
  4386  3314 5069.69548   22  514          - 4767.31949      -   142  436s
  4412  3349 5144.41626   28  328          - 4767.31949      -   143  441s
  4447  3409 5183.35055   30  336          - 4767.31949      -   145  447s
  4507  3483 5352.40684   45  181          - 4767.31949      -   146  452s
  4581  3596 5525.92828   53  157          - 4767.31949      -   147  459s
  4714  3793 5450.00694   58   55          - 4767.31949      -   146  489s
  4818  3803 7184.64623  148   44          - 4767.31949      -   146  490s
  5079  3936 5590.19623   75   76          - 4767.31949      -   140  497s
  5155  4069 5695.92123   81   62          - 4767.31949      -   140  504s
  5275  4077 6252.44681  136   29          - 4767.31949      -   139  505s
  5303  4124 6102.40500  118   18          - 4768.42250      -   140  510s
  5377  4216 4969.46468   18  637          - 4768.42250      -   141  518s
  5455  4304 5180.19032   23  370          - 4768.42250      -   142  525s
  5567  4336 5328.64709   30  298          - 4768.42250      -   142  531s
  5589  4380 5279.34372   41  291          - 4768.42250      -   144  540s
  5635  4442 5396.40898   58   93          - 4768.42250      -   145  546s
  5697  4614 5522.12075   72  106          - 4769.77960      -   147  557s
  5908  4663 4952.27615   18  523          - 4769.77960      -   146  565s
  5939  4706 5168.23747   22  516          - 4769.77960      -   148  572s
  5982  4791 5194.94245   30  248          - 4769.77960      -   150  614s
  6067  4934 5338.95396   40  198          - 4770.54101      -   151  625s
  6249  4946 4889.25524   16  501          - 4781.57615      -   152  632s
  6261  4968 5003.96595   21  430          - 4781.57615      -   153  639s
  6283  5001 5070.32272   28  353          - 4781.57615      -   155  645s
  6316  5049 5276.70507   41  190          - 4781.57615      -   157  687s
  6364  5147 5362.19761   48  234          - 4781.57615      -   159  696s
  6462  5330 5549.23395   63   60          - 4781.57615      -   160  706s
  6645  5599 5832.19785   93   43          - 4781.86031      -   159  718s
  6957  5638 6510.12263  141   10          - 4787.13937      -   156  720s
  7054  5685 5015.31628   20  384          - 4787.13937      -   155  726s
  7091  5754 5312.72564   32  276          - 4787.13937      -   156  746s
  7160  5880 5485.09957   50  117          - 4787.13937      -   157  754s
  7228  5880 5745.14139   72   78          - 4787.13937      -   157  755s
  7286  6120 5758.84769   77   99          - 4787.68952      -   158  767s
  7567  6156 5258.03566   26  454          - 4791.73855      -   157  777s
  7593  6212 5578.30918   33  280          - 4791.73855      -   159  787s
  7649  6325 5769.26602   48  204          - 4791.74163      -   162  799s
  7778  6474 5156.83735   25  335          - 4791.74163      -   163  844s
  7820  6474 5396.76409   48  154          - 4791.74163      -   164  845s
  7922  6847 5457.61754   51  178          - 4791.74163      -   163  860s
  8381  6930 infeasible  105               - 4795.57674      -   158  874s
  8421  6930 5013.35900   22  492          - 4795.57674      -   159  896s
  8436  7102 5194.95979   38  246          - 4795.57674      -   160  908s
  8608  7268 5645.94045   89   31          - 4799.21345      -   160  922s
  8830  7315 5383.02822   28  390          - 4799.24104      -   159  934s
  8856  7395 5563.69093   33  361          - 4799.24104      -   161  945s
  8936  7631 5817.03228   63  106          - 4799.24104      -   162  958s
  9174  7903 6527.61000  119   10          - 4800.45348      -   162  973s
  9362  7927 7304.98568  180   16          - 4800.45348      -   160  975s
  9579  7987 5350.14182   30  435          - 4804.77014      -   160  985s
  9610  8069 5850.91178   39  303          - 4804.77014      -   162  997s
  9692  8437 6079.83752   67   94          - 4807.63486      -   163 1030s
 10204  8709 4957.94854   20  591          - 4807.63486      -   159 1047s
 10438  8811 5623.32595   29  415          - 4807.63486      -   158 1058s
 10561  8908 5941.42382   40  269          - 4807.63486      -   159 1070s
 10639  9333 6139.43704   57  100          - 4808.02740      -   161 1089s
 10795  9333 6514.60442  105   35          - 4808.02740      -   159 1090s
 11118  9380 5013.34932   16  470          - 4811.80334      -   158 1101s
 11138  9463 5437.24452   23  368          - 4811.80334      -   160 1126s
 11221  9726 5803.05801   36  168          - 4811.80334      -   161 1143s
 11464  9748 6771.97364  129   10          - 4811.80334      -   161 1145s
 11556 10062 6005.60838   61   76          - 4816.12732      -   160 1160s
 11964 10321 5029.08986   21  355          - 4816.12732      -   157 1176s
 12185 10566 5544.79808   44  220          - 4816.23417      -   157 1193s
 12476 10615 4980.69365   19  555          - 4816.68915      -   156 1203s
 12501 10659 5354.66335   27  406          - 4816.68915      -   158 1214s
 12549 10768 infeasible   32               - 4816.68915      -   159 1226s
 12660 11035 5649.10831   52  154          - 4816.68915      -   160 1241s
 12997 11356 6091.34634   73  104          - 4816.68915      -   159 1258s
 13270 11368 6900.85276  176    8          - 4816.68915      -   157 1260s
 13321 11453 6688.25994  128   44          - 4823.91125      -   158 1273s
 13478 11545 5191.15571   26  524          - 4823.97334      -   158 1285s
 13535 11714 5475.41630   34  482          - 4823.97334      -   159 1299s
 13718 11821 5655.14586   40  233          - 4823.97334      -   159 1330s
 13886 11930 5823.46829   58  167          - 4823.97334      -   160 1342s
 13965 12135 6058.93421   77  183          - 4827.94608      -   161 1359s
 14084 12136 6867.40376  125   96          - 4827.94608      -   160 1360s
 14204 12226 4880.65408   20  650          - 4827.94608      -   161 1372s
 14281 12360 5222.08559   28  305          - 4827.94608      -   162 1386s
 14469 12429 5341.04420   38  249          - 4827.94608      -   162 1397s
 14517 12533 5678.48756   49  288          - 4827.94608      -   163 1423s
 14627 12814 5887.75566   80   78          - 4830.83628      -   163 1440s
 15040 12896 4987.44099   24  479          - 4830.84745      -   162 1452s
 15059 12942 5498.83377   29  343          - 4830.84745      -   163 1467s
 15105 13146 5682.50652   36  196          - 4830.84745      -   164 1483s
 15391 13257 5956.16413   52   54          - 4840.54473      -   164 1497s
 15471 13291 5091.69417   27  481          - 4840.54473      -   165 1508s
 15500 13349 5553.44575   34  373          - 4840.54473      -   166 1519s
 15564 13445 5857.76872   43  172          - 4840.54473      -   167 1532s
 15666 13792 6289.49751   64  152          - 4840.58653      -   168 1551s
 16195 13897 4985.35362   25  501          - 4841.03959      -   165 1564s
 16211 13934 5470.40677   33  392          - 4841.03959      -   167 1574s
 16248 13992 5574.02706   37  343          - 4841.03959      -   168 1585s
 16334 14251 6005.81291   52  169          - 4841.03959      -   168 1605s
 16611 14518 6516.49250   83   82          - 4841.40979      -   168 1623s
 16959 14603 5202.10573   24  333          - 4841.95556      -   167 1637s
 16999 14735 5629.13187   38  130          - 4841.95556      -   168 1652s
 17131 14945 5977.07443   73   10          - 4844.26252      -   168 1669s
 17319 14965 6608.24000  125    4          - 4844.26252      -   167 1670s
 17413 15096 5205.37144   23  580          - 4844.26252      -   167 1684s
 17545 15203 5655.55475   31  286          - 4844.26252      -   167 1697s
 17646 15306 5752.43661   42  305          - 4844.26252      -   168 1711s
 17773 15402 5910.32350   56  170          - 4844.26252      -   169 1724s
 17857 15582 6101.12100   83  172          - 4849.43341      -   170 1738s
 18089 15700 5176.46842   23  330          - 4849.43341      -   169 1753s
 18192 15947 5619.92838   52  150          - 4851.15264      -   170 1790s
 18493 16031 5011.59010   20  580          - 4851.15264      -   169 1803s
 18560 16181 5470.10402   27  500          - 4851.15264      -   170 1820s
 18712 16555 5606.61380   43  231          - 4851.15264      -   170 1840s
 19213 16726 5707.91586   69   85          - 4851.62563      -   168 1859s
 19264 16726 5946.27903   88   92          - 4851.62563      -   168 1860s
 19334 16777 4922.77531   21  554          - 4851.62563      -   169 1873s
 19381 16882 5307.77892   29  495          - 4851.62563      -   169 1886s
 19492 17128 5590.52588   45  311          - 4851.62563      -   170 1904s
 19618 17136 6424.86467  109   19          - 4851.62563      -   170 1905s
 19839 17272 5815.27443   64  217          - 4851.62563      -   168 1931s
 19932 17489 6178.70951   92   97          - 4857.01974      -   169 1948s
 20179 17508 7206.73407  172   11          - 4857.01974      -   167 1950s
 20255 17599 5672.58972   27  270          - 4857.01974      -   168 1962s
 20325 17749 6111.75473   49   63          - 4857.01974      -   168 1978s
 20475 18091 6493.14687   75   15          - 4857.01974      -   168 1997s
 20831 18241 7006.10127  110   62          - 4862.87053      -   167 2023s
 21042 18307 5104.24801   23  528          - 4862.95528      -   167 2035s
 21074 18424 5575.01677   32  347          - 4862.95528      -   168 2047s
 21191 18679 5936.31494   58  128          - 4862.95528      -   168 2086s
 21532 18809 6240.35979   80  115          - 4864.09824      -   167 2101s
 21661 18852 5284.34566   24  515          - 4864.09824      -   168 2112s
 21690 18931 5663.36499   32  389          - 4864.09824      -   168 2136s
 21769 19182 6003.08166   48   63          - 4864.09824      -   169 2156s
 22110 19350 6242.91856   72   44          - 4866.10778      -   168 2185s
 22265 19395 5110.44506   23  530          - 4866.10778      -   168 2197s
 22294 19459 5680.38237   29  373          - 4866.10778      -   169 2208s
 22358 19564 5878.05857   39  259          - 4866.10778      -   169 2231s
 22463 19808 6143.49722   60   30          - 4866.10778      -   170 2352s
 22641 19812 6577.09034  107   26          - 4866.10778      -   170 2355s
 22729 19941 6644.20500   94   29          - 4866.16842      -   169 2379s
 22814 19958 7123.37505  126   12          - 4866.16842      -   169 2380s
 22947 20012 5418.21376   32  439          - 4866.97334      -   169 2392s
 22974 20048 6008.13037   40  262          - 4866.97334      -   170 2404s
 23024 20194 6157.70310   47  221          - 4866.97334      -   171 2435s
 23170 20472 6574.28000   86   16          - 4867.47206      -   171 2455s
 23546 20646 5196.37785   28  557          - 4867.47206      -   170 2473s
 23737 20772 5735.97638   35  274          - 4867.47206      -   170 2516s
 23855 20812 5863.37732   43  176          - 4867.47206      -   170 2528s
 23883 20871 5961.37001   49  167          - 4867.47206      -   171 2540s
 23942 20995 6118.79812   58  117          - 4867.47206      -   172 2584s
 23976 20995 6212.37793   73  100          - 4867.47206      -   172 2585s
 24066 21200 6369.29000   83   12          - 4867.47206      -   172 2600s
 24303 21383 6590.75650   96   58          - 4871.54431      -   172 2617s
 24542 21438 4966.56965   18  636          - 4872.02534      -   172 2644s
 24562 21485 5339.59650   23  455          - 4872.02534      -   172 2656s
 24609 21538 5616.89837   35  168          - 4872.02534      -   173 2669s
 24662 21605 5678.96649   44  229          - 4872.02534      -   174 2688s
 24729 21784 5792.24837   50   98          - 4872.02534      -   175 2705s
 24997 22097 5821.78929   72  158          - 4874.53201      -   174 2747s
 25375 22190 4924.90416   20  398          - 4874.53201      -   173 2761s
 25416 22236 5301.24875   29  396          - 4874.53201      -   174 2774s
 25462 22468 5448.79912   33  291          - 4874.53201      -   174 2811s
 25744 22556 5690.49309   64   16          - 4879.62363      -   174 2826s
 25835 22606 5315.42488   25  418          - 4879.62363      -   174 2839s
 25873 22677 5479.75351   40  208          - 4879.62363      -   175 2860s
 25944 22842 5610.09967   47   74          - 4879.62363      -   175 2876s
 26121 23091 5635.16673   55   29          - 4879.62363      -   175 2895s
 26522 23300 5954.42143   73    5          - 4880.23152      -   174 2917s
 26725 23355 4953.07349   19  481          - 4880.23152      -   174 2929s
 26744 23413 5307.34180   27  210          - 4880.23152      -   175 2942s
 26802 23533 5439.13867   44   31          - 4880.23152      -   176 2963s
 26819 23535 5461.20210   54   90          - 4880.23152      -   176 2965s
 26926 23744 5607.19303   49   50          - 4881.76090      -   176 2984s
 26943 23745 5883.34000   87   11          - 4881.76090      -   176 2985s
 27269 23834 5024.15292   24  520          - 4883.11935      -   175 2998s
 27292 23872 5386.31768   35  341          - 4883.11935      -   176 3010s
 27330 23979 5483.94302   44  297          - 4883.11935      -   176 3025s
 27439 24195 5648.90143   59    5          - 4883.11935      -   177 3046s
 27752 24301 5689.03465   61   37          - 4884.94790      -   176 3062s
 27847 24344 4950.87898   19  612          - 4884.94790      -   177 3075s
 27876 24413 5335.19370   23  496          - 4884.94790      -   177 3091s
 27945 24548 5839.23754   30  388          - 4884.94790      -   178 3110s
 28154 24610 6255.72602   38  371          - 4884.94790      -   178 3123s
 28182 24648 6203.75105   45  375          - 4884.94790      -   178 3137s
 28220 24703 6551.69581   57  252          - 4884.94790      -   179 3150s
 28275 24821 6781.59992   70   77          - 4889.42657      -   179 3166s
 28425 24912 5029.31998   21  555          - 4889.42657      -   180 3193s
 28508 25052 5550.97228   28  333          - 4889.42657      -   180 3210s
 28672 25100 5714.48530   34  273          - 4889.42657      -   180 3223s
 28707 25154 5866.77119   43  279          - 4889.42657      -   181 3244s
 28765 25226 6055.35939   53  222          - 4889.42657      -   181 3259s
 28817 25226 5547.46096   38  209          - 4889.42657      -   181 3260s
 28839 25395 6239.63305   76   38          - 4889.42657      -   182 3276s
 29030 25592 6681.53514   98   50          - 4892.72690      -   182 3293s
 29274 25851 5029.58615   22  603          - 4892.72690      -   182 3312s
 29570 25915 5591.02437   29  410          - 4892.72690      -   181 3329s
 29601 25975 5788.09743   33  270          - 4892.72690      -   182 3341s
 29661 26093 5905.60711   44  171          - 4892.72690      -   182 3356s
 29781 26392 6087.54060   67   15          - 4892.72690      -   182 3393s
 30121 26568 6281.45222   87   64          - 4893.71702      -   181 3410s
 30366 26663 5404.80909   27  371          - 4895.27627      -   181 3424s
 30416 26761 5689.32745   42  259          - 4895.27627      -   181 3450s
 30514 26946 5899.66336   56   75          - 4895.27627      -   182 3469s
 30683 26955 6439.00000  113    -          - 4895.27627      -   182 3470s
 30757 27125 6130.37517   86   68          - 4896.17806      -   181 3489s
 30808 27125 6350.25376  105  100          - 4896.17806      -   181 3490s
 30943 27171 5270.09261   26  375          - 4896.17806      -   181 3504s
 30977 27219 5719.39988   35  332          - 4896.17806      -   182 3518s
 31025 27318 5882.57634   48  213          - 4896.17806      -   182 3535s
 31124 27518 6242.23224   76   12          - 4896.17806      -   183 3553s
 31358 27601 6576.64632   92   15          - 4896.51773      -   182 3570s
 31498 27692 5748.90565   40  260          - 4896.67868      -   182 3584s
 31552 27767 6005.12840   56  170          - 4896.67868      -   182 3598s
 31627 27772 6208.53467   78   33          - 4896.67868      -   183 3600s

Cutting planes:
  User: 4339
  Gomory: 18
  Cover: 459
  Implied bound: 195
  Projected implied bound: 2
  Clique: 24
  MIR: 125
  StrongCG: 2
  Flow cover: 331
  GUB cover: 3
  Zero half: 130
  Network: 5
  RLT: 345
  Relax-and-lift: 7
  Lazy constraints: 7041

Explored 31632 nodes (5790380 simplex iterations) in 3600.04 seconds
Thread count was 2 (of 32 available processors)

Solution count 0

Time limit reached
Best objective -, best bound 4.896678676222e+03, gap -

User-callback calls 396681, time in user-callback 774.20 sec
writeSolution() exp: Unable to retrieve attribute 'X'
================================================================================
executing instance: ./input/Instances/Original/5/absH3low_4n25.dat
--------------------------------------------------------------------------------
Instance details
n	26
H	3
C	2029
Li:
[0, 0, 0, 0, 0, 0, 0, 0, 0, 0, 0, 0, 0, 0, 0, 0, 0, 0, 0, 0, 0, 0, 0, 0, 0, 0, ]
Ui:
[0, 34, 165, 76, 88, 188, 58, 279, 52, 132, 198, 142, 135, 165, 186, 58, 201, 196, 40, 183, 32, 90, 168, 126, 93, 146, ]
Distance matrix:
|0	299	188	235	91	202	152	147	162	277	268	132	71	162	220	69	220	289	241	124	265	80	162	132	66	302	|
|299	0	468	431	282	142	317	425	443	569	193	178	359	302	422	231	93	28	511	325	457	242	434	215	240	601	|
|188	468	0	153	265	342	308	43	192	106	455	290	117	206	142	246	379	464	252	274	360	267	211	319	231	184	|
|235	431	153	0	326	289	386	145	321	240	482	269	184	129	15	258	339	436	393	355	477	305	336	354	237	334	|
|91	282	265	326	0	228	66	228	166	339	196	157	154	242	311	99	225	264	229	50	201	47	153	71	115	340	|
|202	142	342	289	228	0	285	301	363	447	255	73	245	161	281	139	53	151	440	278	428	181	360	187	136	495	|
|152	317	308	386	66	285	0	275	167	368	188	217	207	308	371	163	274	295	210	34	145	108	148	104	181	350	|
|147	425	43	145	228	301	275	0	179	146	415	248	76	172	131	203	337	421	248	242	341	227	195	279	188	211	|
|162	443	192	321	166	363	167	179	0	216	352	291	152	302	307	225	375	428	81	138	170	201	22	237	227	183	|
|277	569	106	240	339	447	368	146	216	0	535	391	210	312	232	341	481	562	245	335	381	352	238	402	329	106	|
|268	193	455	482	196	255	188	415	352	535	0	225	339	367	469	224	212	165	398	214	302	188	335	136	245	533	|
|132	178	290	269	157	73	217	248	291	391	225	0	183	145	258	66	91	175	367	207	358	110	287	127	67	431	|
|71	359	117	184	154	245	207	76	152	210	339	183	0	152	169	131	274	352	232	174	294	151	161	203	119	251	|
|162	302	206	129	242	161	308	172	302	312	367	145	152	0	120	153	210	308	383	284	426	208	309	249	132	383	|
|220	422	142	15	311	281	371	131	307	232	469	258	169	120	0	245	330	427	379	340	461	291	321	340	224	324	|
|69	231	246	258	99	139	163	203	225	341	224	66	131	153	245	0	152	222	301	147	299	57	221	97	22	371	|
|220	93	379	339	225	53	274	337	375	481	212	91	274	210	330	152	0	99	448	273	419	180	369	171	157	521	|
|289	28	464	436	264	151	295	421	428	562	165	175	352	308	427	222	99	0	493	305	434	227	418	196	234	590	|
|241	511	252	393	229	440	210	248	81	245	398	367	232	383	379	301	448	493	0	190	147	270	80	298	305	175	|
|124	325	274	355	50	278	34	242	138	335	214	207	174	284	340	147	273	305	190	0	152	97	122	110	162	320	|
|265	457	360	477	201	428	145	341	170	381	302	358	294	426	461	299	419	434	147	152	0	248	150	249	312	322	|
|80	242	267	305	47	181	108	227	201	352	188	110	151	208	291	57	180	227	270	97	248	0	192	52	76	366	|
|162	434	211	336	153	360	148	195	22	238	335	287	161	309	321	221	369	418	80	122	150	192	0	224	225	203	|
|132	215	319	354	71	187	104	279	237	402	136	127	203	249	340	97	171	196	298	110	249	52	224	0	118	409	|
|66	240	231	237	115	136	181	188	227	329	245	67	119	132	224	22	157	234	305	162	312	76	225	118	0	364	|
|302	601	184	334	340	495	350	211	183	106	533	431	251	383	324	371	521	590	175	320	322	366	203	409	364	0	|

--------------------------------------------------------------------------------
Building model...
	using lazy and cut (CVRPSEP package)
Solving IRP LP...
--------------------------------------------------------------------------------

Gurobi 9.1.0 (linux64) logging started Sun Feb 14 08:14:27 2021

Gurobi Optimizer version 9.1.0 build v9.1.0rc0 (linux64)
Thread count: 32 physical cores, 32 logical processors, using up to 2 threads
Optimize a model with 1031 rows, 3488 columns and 8693 nonzeros
Model fingerprint: 0x532538c4
