




arguments: ./build/bc_mirp -f ./input/orig_exec_253.cfg
Current dir: /scratch/gui/bc_mirp
File verbosity level: 9
date       time         ( uptime  ) [ thread name/id ]                   file:line     v| 
2021-02-16 07:26:25.249 (   0.133s) [main thread     ]             loguru.cpp:789   INFO| Logging to './output/vi_vc+vr/OU/V3/Original/execution_16_02_2021_07_26_25.log', mode: 'a', verbosity: 9
--------------------------------------------------------------------------------
Parameters
                           instance_path           ./input/Instances/Original/6/
                            model_policy                                       1
                             nb_vehicles                                       3
                              output_dir       ./output/vi_vc+vr/OU/V3/Original/
                            sec_strategy                                       1
                       solver_nb_threads                                       2
                         solver_show_log                                    true
                       solver_time_limit                                    3600
                              use_vi_cos                                   false
                              use_vi_cus                                   false
                         use_vi_hc1_full                                   false
                         use_vi_hc1_half                                   false
                      use_vi_hc1_quarter                                   false
                              use_vi_hc2                                   false
                              use_vi_hc3                                   false
                         use_vi_lex_full                                   false
                         use_vi_lex_half                                   false
                      use_vi_lex_quarter                                   false
                              use_vi_qua                                   false
                               use_vi_vc                                    true
                               use_vi_vr                                    true
--------------------------------------------------------------------------------
executing instance: ./input/Instances/Original/6/absH6high_1n25.dat
--------------------------------------------------------------------------------
Instance details
n	26
H	6
C	1711
Li:
[0, 0, 0, 0, 0, 0, 0, 0, 0, 0, 0, 0, 0, 0, 0, 0, 0, 0, 0, 0, 0, 0, 0, 0, 0, 0, ]
Ui:
[0, 168, 176, 34, 66, 36, 177, 106, 118, 182, 64, 141, 189, 63, 46, 111, 182, 231, 36, 66, 68, 54, 132, 90, 246, 75, ]
Distance matrix:
|0	191	200	231	334	329	146	196	208	245	218	164	283	394	151	358	156	196	309	253	201	260	127	138	130	104	|
|191	0	226	229	278	146	328	216	390	417	327	293	195	334	106	296	171	122	472	151	12	411	280	53	190	130	|
|200	226	0	38	149	359	321	10	276	274	418	364	139	204	121	173	321	115	303	141	225	236	155	202	311	256	|
|231	229	38	0	110	352	358	37	314	310	448	395	108	167	129	135	342	109	336	120	226	268	194	213	335	277	|
|334	278	149	110	0	367	467	147	422	413	546	495	86	61	203	25	423	163	429	129	271	363	303	282	424	361	|
|329	146	359	352	367	0	453	349	533	562	411	393	282	411	245	378	250	244	617	245	141	556	426	195	284	243	|
|146	328	321	358	467	453	0	321	162	215	160	112	425	524	297	491	223	341	284	397	339	266	186	276	184	210	|
|196	216	10	37	147	349	321	0	281	281	414	360	132	203	112	171	315	105	311	132	216	244	159	193	305	249	|
|208	390	276	314	422	533	162	281	0	54	321	271	410	471	316	445	348	348	123	398	398	115	125	338	313	309	|
|245	417	274	310	413	562	215	281	54	0	375	323	413	457	334	435	393	361	70	406	424	69	139	367	359	349	|
|218	327	418	448	546	411	160	414	321	375	0	57	484	606	347	569	163	393	444	446	339	421	318	288	137	199	|
|164	293	364	395	495	393	112	360	271	323	57	0	437	556	300	519	144	346	393	401	305	367	261	249	109	163	|
|283	195	139	108	86	282	425	132	410	413	484	437	0	139	137	101	349	91	443	44	187	375	286	206	355	291	|
|394	334	204	167	61	411	524	203	471	457	606	556	139	0	264	38	483	222	467	183	326	403	356	341	484	421	|
|151	106	121	129	203	245	297	112	316	334	347	300	137	264	0	225	220	46	381	102	106	316	195	84	221	158	|
|358	296	173	135	25	378	491	171	445	435	569	519	101	38	225	0	444	184	450	145	288	384	328	303	446	383	|
|156	171	321	342	423	250	223	315	348	393	163	144	349	483	220	444	0	261	460	308	183	415	284	143	39	65	|
|196	122	115	109	163	244	341	105	348	361	393	346	91	222	46	184	261	0	402	56	118	336	224	119	264	200	|
|309	472	303	336	429	617	284	311	123	70	444	393	443	467	381	450	460	402	0	442	477	68	192	424	426	413	|
|253	151	141	120	129	245	397	132	398	406	446	401	44	183	102	145	308	56	442	0	143	375	273	164	315	251	|
|201	12	225	226	271	141	339	216	398	424	339	305	187	326	106	288	183	118	477	143	0	416	286	63	202	142	|
|260	411	236	268	363	556	266	244	115	69	421	367	375	403	316	384	415	336	68	375	416	0	135	365	384	363	|
|127	280	155	194	303	426	186	159	125	139	318	261	286	356	195	328	284	224	192	273	286	135	0	232	256	229	|
|138	53	202	213	282	195	276	193	338	367	288	249	206	341	84	303	143	119	424	164	63	365	232	0	153	89	|
|130	190	311	335	424	284	184	305	313	359	137	109	355	484	221	446	39	264	426	315	202	384	256	153	0	64	|
|104	130	256	277	361	243	210	249	309	349	199	163	291	421	158	383	65	200	413	251	142	363	229	89	64	0	|

--------------------------------------------------------------------------------
Building model...
	using lazy and cut (CVRPSEP package)
Solving IRP LP...
--------------------------------------------------------------------------------

Gurobi 9.1.0 (linux64) logging started Tue Feb 16 07:26:26 2021

Gurobi Optimizer version 9.1.0 build v9.1.0rc0 (linux64)
Thread count: 32 physical cores, 32 logical processors, using up to 2 threads
Optimize a model with 2036 rows, 6950 columns and 17360 nonzeros
Model fingerprint: 0x87160747
Variable types: 632 continuous, 6318 integer (468 binary)
Coefficient statistics:
  Matrix range     [1e+00, 6e+02]
  Objective range  [1e-01, 6e+02]
  Bounds range     [1e+00, 2e+02]
  RHS range        [1e+00, 3e+03]
Presolve removed 768 rows and 263 columns
Presolve time: 0.09s
Presolved: 1268 rows, 6687 columns, 15735 nonzeros
Variable types: 500 continuous, 6187 integer (5729 binary)

Root relaxation: objective 1.362391e+04, 1721 iterations, 0.03 seconds

    Nodes    |    Current Node    |     Objective Bounds      |     Work
 Expl Unexpl |  Obj  Depth IntInf | Incumbent    BestBd   Gap | It/Node Time

     0     0 13623.9148    0  215          - 13623.9148      -     -    0s
     0     0 13869.1246    0  191          - 13869.1246      -     -    0s
     0     0 13899.0416    0  205          - 13899.0416      -     -    0s
     0     0 13899.9977    0  210          - 13899.9977      -     -    0s
     0     0 13900.0506    0  211          - 13900.0506      -     -    0s
     0     0 14631.5059    0  350          - 14631.5059      -     -    0s
     0     0 14706.4666    0  392          - 14706.4666      -     -    1s
     0     0 14711.7521    0  370          - 14711.7521      -     -    1s
     0     0 14714.4240    0  390          - 14714.4240      -     -    1s
     0     0 14715.7346    0  403          - 14715.7346      -     -    1s
     0     0 14717.5889    0  383          - 14717.5889      -     -    1s
     0     0 14717.5932    0  389          - 14717.5932      -     -    1s
     0     0 14980.1197    0  303          - 14980.1197      -     -    1s
     0     0 15104.9138    0  464          - 15104.9138      -     -    1s
     0     0 15135.3498    0  499          - 15135.3498      -     -    2s
     0     0 15170.7505    0  482          - 15170.7505      -     -    2s
     0     0 15192.7775    0  473          - 15192.7775      -     -    2s
     0     0 15199.0992    0  480          - 15199.0992      -     -    2s
     0     0 15199.5779    0  487          - 15199.5779      -     -    2s
     0     0 15374.8195    0  511          - 15374.8195      -     -    2s
     0     0 15478.7333    0  461          - 15478.7333      -     -    3s
     0     0 15494.6606    0  455          - 15494.6606      -     -    3s
     0     0 15544.9704    0  496          - 15544.9704      -     -    3s
     0     0 15567.0496    0  501          - 15567.0496      -     -    3s
     0     0 15589.3719    0  524          - 15589.3719      -     -    3s
     0     0 15595.3525    0  508          - 15595.3525      -     -    4s
     0     0 15595.9153    0  514          - 15595.9153      -     -    4s
     0     0 15659.6022    0  504          - 15659.6022      -     -    4s
     0     0 15677.7184    0  529          - 15677.7184      -     -    4s
     0     0 15683.1613    0  538          - 15683.1613      -     -    4s
     0     0 15684.4826    0  558          - 15684.4826      -     -    4s
     0     0 15696.3492    0  473          - 15696.3492      -     -    4s
     0     0 15700.3632    0  511          - 15700.3632      -     -    5s
     0     0 15700.6340    0  525          - 15700.6340      -     -    5s
     0     0 15707.8093    0  474          - 15707.8093      -     -    5s
     0     0 15707.8093    0  474          - 15707.8093      -     -    5s
     0     2 15709.5657    0  443          - 15709.5657      -     -    6s
    26    29 15887.4281    9  524          - 15749.0781      -   832   10s
    58    63 16154.0738   17  512          - 15749.0781      -   860   15s
   103   108 16407.7336   29  460          - 15749.0781      -   760   20s
   154   166 16809.9264   41  470          - 15749.0781      -   664   25s
   302   359 17641.4314   76  231          - 15749.0781      -   434   30s
   551   611 19351.2991  175   70          - 15749.0781      -   271   35s
* 1014  1003             316    22374.130000 15749.4122  29.6%   167   39s
  1015   962     cutoff  335      22374.1300 15771.1474  29.5%   167   41s
  1028   967 17229.1538   60  474 22374.1300 15777.7979  29.5%   174   48s
H 1029   919                    21353.660000 15777.7979  26.1%   174   49s
  1031   920 16141.9191   18  400 21353.6600 15777.7979  26.1%   174   50s
  1041   927 19832.1320  207  688 21353.6600 16234.1400  24.0%   172   55s
H 1050   886                    21330.660000 16257.6494  23.8%   170   59s
  1053   888 21330.6600  258  690 21330.6600 16258.0596  23.8%   170   60s
H 1057   847                    20974.390000 16258.0596  22.5%   187   61s
  1063   851 17611.7592   82  630 20974.3900 16258.0596  22.5%   186   65s
  1075   859 16513.2018   33  623 20974.3900 16272.9849  22.4%   184   70s
  1079   864 16291.6700   25  635 20974.3900 16288.6079  22.3%   200   75s
  1094   874 16413.9513   29  599 20974.3900 16301.1743  22.3%   215   80s
H 1103   837                    20966.390000 16301.1743  22.3%   225   82s
  1113   847 16485.7603   33  559 20966.3900 16301.1743  22.3%   235   85s
H 1135   815                    20911.430000 16301.1743  22.0%   242   88s
  1149   828 16549.0881   41  486 20911.4300 16301.1743  22.0%   248   90s
  1175   847 16576.9565   49  464 20911.4300 16301.1743  22.0%   262   95s
H 1194   814                    20796.800000 16301.1743  21.6%   267   96s
  1220   834 16621.2832   58  497 20796.8000 16301.1743  21.6%   271  100s
H 1221   797                    20605.980000 16301.1743  20.9%   271  100s
  1265   836 16704.8102   68  440 20605.9800 16301.1743  20.9%   282  105s
  1316   870 16854.2896   80  438 20605.9800 16301.1743  20.9%   287  110s
H 1352   873                    20569.980000 16301.1743  20.8%   289  113s
  1381   880 16996.3039   96  350 20569.9800 16301.1743  20.8%   287  116s
H 1441   885                    20558.620000 16301.1743  20.7%   284  119s
  1456   887 17082.1801  110  328 20558.6200 16301.1743  20.7%   283  121s
  1495   939 17154.0433  118  249 20558.6200 16301.1743  20.7%   282  125s
H 1509   903                    20311.620000 16301.1743  19.7%   282  125s
  1601   985 17378.3211  145  241 20311.6200 16301.1743  19.7%   279  130s
  1690  1053 17779.7665  167  159 20311.6200 16301.1743  19.7%   274  136s
H 1737  1006                    20107.950000 16301.1743  18.9%   271  136s
  1843  1109 infeasible  213      20107.9500 16301.1743  18.9%   261  141s
  1942  1120 18849.0228  250  135 20107.9500 16321.7904  18.8%   253  145s
  2010  1140 16460.7803   36  513 20107.9500 16321.7904  18.8%   255  151s
  2025  1146 16486.6180   40  476 20107.9500 16321.7904  18.8%   257  155s
  2079  1184 16733.8647   56  369 20107.9500 16321.7904  18.8%   262  162s
  2124  1246 16796.3192   70  287 20107.9500 16321.7904  18.8%   264  167s
  2169  1319 16939.6365   87  155 20107.9500 16321.7904  18.8%   263  170s
  2406  1447 19479.8421  177  125 20107.9500 16322.0364  18.8%   248  177s
  2510  1476 16457.4715   30  502 20107.9500 16322.0364  18.8%   242  181s
H 2529  1420                    19855.480000 16322.0364  17.8%   242  181s
  2574  1557 16539.6226   36  402 19855.4800 16322.0364  17.8%   240  185s
  2755  1544 16713.7820   43  378 19855.4800 16322.0364  17.8%   234  190s
  2795  1588 16651.3224   49  452 19855.4800 16322.0364  17.8%   238  196s
  2853  1665 16797.8888   65  317 19855.4800 16322.0364  17.8%   240  201s
  2931  1735 16743.7441   76  311 19855.4800 16322.0364  17.8%   240  205s
  3048  1966 17378.9461   99  175 19855.4800 16322.0364  17.8%   238  212s
  3199  2248 17736.8938  114  269 19855.4800 16322.0364  17.8%   233  216s
  3504  2442 18280.3711  138  162 19855.4800 16405.1982  17.4%   218  224s
  3537  2442 18430.5316  147  121 19855.4800 16405.1982  17.4%   217  225s
  3770  2553 16785.1841   41  385 19855.4800 16419.0270  17.3%   212  232s
  3851  2665 17347.4712   64  303 19855.4800 16419.0270  17.3%   211  238s
  3967  2758 18200.4772   89  158 19855.4800 16419.0473  17.3%   207  243s
* 4081  2751             209    19800.600000 16423.1152  17.1%   204  244s
  4102  2847 16535.3545   31  413 19800.6000 16423.1152  17.1%   204  248s
  4220  2896 17926.4397   55  189 19800.6000 16425.3290  17.0%   203  253s
  4307  2911 16872.7199   32  351 19800.6000 16425.3290  17.0%   203  257s
  4322  2942 16968.7965   39  459 19800.6000 16425.3290  17.0%   204  261s
  4353  2984 17233.8297   57  409 19800.6000 16425.3290  17.0%   206  265s
  4395  3067 17872.4507   81  345 19800.6000 16426.4176  17.0%   207  270s
  4492  3125 16610.6443   32  416 19800.6000 16426.4176  17.0%   206  275s
  4550  3162 16745.9983   37  379 19800.6000 16426.4176  17.0%   208  285s
  4587  3238 16867.8291   42  293 19800.6000 16426.4176  17.0%   207  290s
  4669  3360 17333.9219   52  329 19800.6000 16426.4176  17.0%   208  296s
  4851  3475 18426.6159   73  159 19800.6000 16426.4176  17.0%   205  306s
  4968  3595     cutoff  103      19800.6000 16430.8255  17.0%   203  312s
  5148  3706 16915.4297   51  358 19800.6000 16431.6315  17.0%   200  319s
  5261  3813 17727.5326   84  215 19800.6000 16432.6540  17.0%   198  325s
  5424  3874 16907.0822   42  444 19800.6000 16432.8905  17.0%   196  331s
  5486  3944 18332.4467   88  208 19800.6000 16439.6491  17.0%   197  337s
  5566  4030 16881.5009   46  388 19800.6000 16439.6491  17.0%   197  344s
  5664  4108 18223.5503  114   74 19800.6000 16445.4525  16.9%   197  351s
  5754  4221 16711.2497   44  364 19800.6000 16445.4525  16.9%   198  359s
  5865  4268 16905.5374   62  267 19800.6000 16445.4525  16.9%   197  385s
  5934  4436 17172.7014   76  185 19800.6000 16445.4525  16.9%   198  393s
  6106  4663 17824.2709  109   99 19800.6000 16446.9425  16.9%   196  404s
* 6316  4632             179    19693.460000 16446.9425  16.5%   192  404s
* 6319  4498             179    19416.090000 16446.9425  15.3%   192  404s
  6387  4566 16682.9183   29  578 19416.0900 16453.0894  15.3%   192  412s
  6497  4617 17000.2892   49  471 19416.0900 16453.0894  15.3%   192  419s
  6548  4730 17810.3634   79  348 19416.0900 16453.0894  15.3%   194  426s
  6677  4776     cutoff  170      19416.0900 16454.1939  15.3%   194  434s
  6733  4913 17186.0887   51  397 19416.0900 16454.1939  15.3%   195  442s
  6889  5067 18530.4926  104   87 19416.0900 16457.1924  15.2%   194  450s
* 6906  4313             121    18634.920000 16457.1924  11.7%   194  451s
  7073  4378 16911.4071   53  417 18634.9200 16457.2802  11.7%   193  458s
  7168  4472 17828.1491  109  263 18634.9200 16457.3680  11.7%   193  466s
  7352  4552 16779.0339   35  546 18634.9200 16457.4715  11.7%   192  475s
  7446  4674 17491.8842   83  287 18634.9200 16460.1903  11.7%   193  485s
  7596  4790 16780.5490   34  571 18634.9200 16460.5766  11.7%   193  496s
  7722  4894 17525.1923   60  361 18634.9200 16460.8788  11.7%   193  506s
  7849  4948 16600.9166   38  451 18634.9200 16462.7176  11.7%   194  516s
  7905  5018 16914.7631   49  294 18634.9200 16462.7176  11.7%   197  525s
  7975  5115 17090.7124   67  286 18634.9200 16462.7176  11.7%   198  535s
  8072  5320 17304.2834   88  256 18634.9200 16462.7233  11.7%   199  548s
  8310  5393 16731.6479   33  505 18634.9200 16464.3848  11.6%   199  558s
  8383  5522 17298.2840   65  454 18634.9200 16466.0181  11.6%   200  568s
  8540  5653 16692.1448   33  320 18634.9200 16467.1015  11.6%   200  580s
  8681  5740 18108.0074   76  187 18634.9200 16467.3518  11.6%   200  590s
  8777  5875 17444.3644   69  353 18634.9200 16467.3518  11.6%   201  601s
  8921  6032 16839.9605   44  553 18634.9200 16467.3518  11.6%   202  612s
  9113  6159 17437.8158   72  394 18634.9200 16467.4826  11.6%   201  624s
  9169  6159 18216.5325  128  277 18634.9200 16467.4826  11.6%   201  625s
  9269  6246 16570.2081   30  549 18634.9200 16467.7573  11.6%   201  636s
  9365  6357 17648.3678   52  436 18634.9200 16470.0170  11.6%   203  647s
  9516  6503 16535.3747   34  452 18634.9200 16473.0417  11.6%   202  660s
  9722  6552 16726.0476   36  400 18634.9200 16473.1059  11.6%   202  671s
  9771  6650 17189.9306   43  301 18634.9200 16473.1059  11.6%   204  686s
  9889  6789 17556.1464   53  244 18634.9200 16473.8886  11.6%   204  700s
H 9955  5273                    18096.620000 16473.8886  8.97%   205  701s
H10060  5219                    18070.340000 16474.7184  8.83%   204  712s
 10104  5271 16835.8341   49  390 18070.3400 16474.7184  8.83%   205  725s
 10174  5338 17386.9307   57  331 18070.3400 16474.7184  8.83%   207  737s
 10263  5395 17178.1465   72  338 18070.3400 16474.7184  8.83%   208  748s
 10322  5452 17609.7441   87  264 18070.3400 16474.7617  8.83%   209  761s
 10417  5534 16689.0651   32  543 18070.3400 16474.7617  8.83%   210  773s
 10499  5664 17439.1383   61  414 18070.3400 16474.9232  8.83%   212  786s
 10656  5744 17312.5068   56  261 18070.3400 16475.4657  8.83%   212  799s
 10766  5838 17226.5449   48  279 18070.3400 16476.1428  8.82%   213  813s
 10877  5981 16625.8026   46  480 18070.3400 16477.1041  8.82%   214  826s
*10948  5782             117    18005.120000 16477.1041  8.49%   214  827s
 11051  5845 16720.0177   45  414 18005.1200 16479.9852  8.47%   214  839s
H11103  5715                    17964.340000 16479.9852  8.26%   214  839s
 11127  5821 16673.4049   47  394 17964.3400 16481.3524  8.26%   215  853s
 11279  5967 16716.0872   36  446 17964.3400 16484.6502  8.24%   216  866s
 11437  6040 17899.0419  118  267 17964.3400 16484.7332  8.24%   216  879s
 11531  6173 17280.1056   65  223 17964.3400 16487.1650  8.22%   217  892s
 11704  6255 17792.6511   93  255 17964.3400 16489.0418  8.21%   217  907s
 11821  6383 16875.2815   49  394 17964.3400 16489.6061  8.21%   217  920s
 11949  6524 17650.5840   84  147 17964.3400 16489.8889  8.21%   218  934s
 12152  6681 infeasible   43      17964.3400 16490.2671  8.21%   218  949s
 12342  6817 16713.0635   41  283 17964.3400 16494.6008  8.18%   218  964s
 12512  6924 16783.2264   45  494 17964.3400 16497.5101  8.17%   218  979s
 12641  6998 16643.2769   38  376 17964.3400 16497.7106  8.16%   218  992s
 12715  7146 16884.1362   53  295 17964.3400 16497.7106  8.16%   219 1074s
 12786  7146 17369.1320   82  145 17964.3400 16497.7106  8.16%   220 1075s
 12863  7326 17384.4814   85  173 17964.3400 16499.0023  8.16%   220 1091s
H13101  7121                    17895.740000 16499.0023  7.80%   219 1108s
 13221  7214 16714.3766   37  398 17895.7400 16502.6191  7.78%   220 1123s
 13333  7335 17132.2894   63  390 17895.7400 16503.4117  7.78%   221 1138s
 13481  7475 17186.6385   55  356 17895.7400 16503.9945  7.78%   221 1154s
 13641  7645 17338.3841   72  358 17895.7400 16505.2293  7.77%   221 1172s
 13853  7773 16605.7568   37  398 17895.7400 16506.0529  7.77%   221 1187s
 14007  7906 16876.0093   48  425 17895.7400 16508.5674  7.75%   222 1204s
 14188  8078 16566.7193   32  537 17895.7400 16509.4165  7.75%   222 1222s
 14400  8204 16874.7463   51  368 17895.7400 16509.4165  7.75%   222 1237s
 14536  8400 17338.0216   91   82 17895.7400 16510.3711  7.74%   223 1254s
 14812  8594 16938.1007   40  372 17895.7400 16511.1217  7.74%   222 1270s
 15054  8684 16761.7342   38  426 17895.7400 16513.3511  7.72%   222 1287s
 15170  8850 16836.5814   57  343 17895.7400 16514.1238  7.72%   222 1304s
 15396  8957 17302.1503   82  129 17895.7400 16514.7814  7.72%   222 1320s
 15557  9085 17195.9083   59  308 17895.7400 16515.4363  7.71%   222 1337s
 15716  9189 16710.5919   37  398 17895.7400 16515.8219  7.71%   223 1353s
 15851  9323 17108.0253   54  333 17895.7400 16515.8219  7.71%   224 1369s
 16009  9502 17333.8302   83  307 17895.7400 16516.4312  7.71%   224 1386s
 16250  9653 16602.8638   40  467 17895.7400 16518.7164  7.69%   224 1403s
 16425  9741 17196.2266   56  370 17895.7400 16518.8519  7.69%   224 1420s
 16544  9832 16965.1634   62  447 17895.7400 16519.4423  7.69%   224 1435s
 16674  9930 17188.2817   50  347 17895.7400 16519.4871  7.69%   225 1453s
 16795 10034 17461.9477   64  364 17895.7400 16520.0863  7.69%   226 1470s
H16859  9961                    17879.740000 16520.0863  7.60%   226 1470s
 16945 10059 16642.6648   40  421 17879.7400 16520.9196  7.60%   227 1487s
 17043 10187 17501.3113   76  201 17879.7400 16521.0907  7.60%   228 1504s
 17209 10300 16809.6893   40  415 17879.7400 16521.0907  7.60%   228 1521s
 17349 10437 17262.8131   49  391 17879.7400 16521.1710  7.60%   229 1539s
 17509 10586 16735.5946   42  391 17879.7400 16521.2064  7.60%   229 1556s
 17701 10692 16900.0266   46  418 17879.7400 16521.8962  7.59%   230 1572s
 17833 10837 16953.3342   58  415 17879.7400 16522.4335  7.59%   230 1588s
 18016 10945 17073.6885   55  361 17879.7400 16522.8409  7.59%   230 1606s
H18165  9662                    17695.600000 16523.7024  6.62%   231 1623s
 18368  9753 17244.1804   70  260 17695.6000 16524.3680  6.62%   231 1640s
 18504  9910 16695.2076   47  404 17695.6000 16524.9390  6.62%   231 1658s
H18685  9909                    17687.100000 16524.9390  6.57%   231 1678s
H18745  9618                    17655.100000 16525.1154  6.40%   231 1678s
 18796  9750 17062.1514   57  359 17655.1000 16525.6193  6.40%   231 1695s
 18968  9883 16558.5732   34  396 17655.1000 16526.0994  6.39%   232 1712s
 19131 10039 16816.2854   44  395 17655.1000 16527.0520  6.39%   232 1730s
 19327 10159 16778.8221   34  512 17655.1000 16527.7067  6.39%   233 1749s
 19466 10286 17119.3622   50  392 17655.1000 16527.7067  6.39%   233 1765s
 19621 10371 17604.8586   79  136 17655.1000 16528.3249  6.38%   234 1783s
 19764 10514 17243.0035   55  400 17655.1000 16529.0189  6.38%   235 1799s
 19848 10514 16758.2612   39  376 17655.1000 16529.7007  6.37%   235 1800s
 19943 10580 17479.4951   76  304 17655.1000 16529.8073  6.37%   235 1816s
 20055 10662 17349.0419   47  439 17655.1000 16530.7738  6.37%   236 1832s
 20159 10749 16776.8171   41  510 17655.1000 16531.6936  6.36%   237 1849s
 20287 10829 16733.8219   40  335 17655.1000 16532.5348  6.36%   238 1867s
 20463 10952 16966.9022   41  408 17655.1000 16533.4688  6.35%   238 1885s
 20610 11070 16710.0833   40  359 17655.1000 16534.3388  6.35%   239 1903s
 20791 11262 17095.3605   65  310 17655.1000 16534.9533  6.34%   239 1921s
 21026 11395 16807.4841   52  383 17655.1000 16535.3724  6.34%   239 1939s
H21135 11373                    17653.100000 16535.3724  6.33%   238 1939s
 21224 11473 16614.1444   37  381 17653.1000 16535.6644  6.33%   239 1956s
 21356 11548 17300.4453   51  443 17653.1000 16536.5654  6.32%   239 1971s
 21439 11629 17442.2981   78  408 17653.1000 16536.6338  6.32%   240 1989s
 21551 11716 17504.5041   69  404 17653.1000 16537.1943  6.32%   241 2014s
 21620 11716 17304.6045   72  312 17653.1000 16537.1943  6.32%   242 2015s
 21699 11811 16722.3811   46  390 17653.1000 16537.2719  6.32%   242 2032s
 21816 11977 17183.8288   48  306 17653.1000 16537.3012  6.32%   243 2051s
 22004 12139 17473.1615   68  206 17653.1000 16537.6372  6.32%   243 2069s
 22211 12253 17588.2450   77  257 17653.1000 16537.7853  6.32%   243 2087s
 22369 12414 16988.4001   51  389 17653.1000 16538.5839  6.31%   243 2105s
 22550 12590 17019.5645   59  281 17653.1000 16538.7681  6.31%   244 2124s
 22810 12707 17432.5564   76  161 17653.1000 16539.6555  6.31%   243 2142s
 22969 12825 17038.8567   46  423 17653.1000 16539.7906  6.31%   243 2159s
 23041 12825 16778.9965   43  498 17653.1000 16539.7906  6.31%   244 2160s
H23105 12511                    17608.100000 16539.7906  6.07%   244 2179s
 23353 12581 16582.7851   33  334 17608.1000 16540.8152  6.06%   244 2196s
 23436 12751 17081.3951   58  151 17608.1000 16540.8172  6.06%   246 2215s
 23678 12885 16692.5869   49  404 17608.1000 16542.0499  6.05%   246 2232s
 23846 13075 17291.8516   77  250 17608.1000 16543.2171  6.05%   246 2252s
 24079 13224 16775.8166   38  454 17608.1000 16543.9237  6.04%   246 2272s
 24262 13353 17345.5364   62  328 17608.1000 16544.2111  6.04%   246 2290s
 24449 13455 17071.1998   55  386 17608.1000 16544.6338  6.04%   246 2308s
 24637 13574 16626.3858   37  392 17608.1000 16545.6985  6.03%   246 2327s
 24776 13714 16933.4273   42  330 17608.1000 16545.7330  6.03%   247 2345s
 24940 13825 16859.4396   46  459 17608.1000 16545.7933  6.03%   247 2364s
 25024 13825 17236.6176   81  349 17608.1000 16546.1228  6.03%   247 2365s
 25121 13999 17320.7235   78  212 17608.1000 16546.5829  6.03%   248 2384s
 25339 14135 16715.5307   47  364 17608.1000 16547.2744  6.02%   248 2404s
 25411 14135 16886.8461   44  325 17608.1000 16547.2995  6.02%   248 2405s
 25511 14241 17421.0413   62  371 17608.1000 16547.4815  6.02%   248 2424s
 25653 14294 17566.3010   70  516 17608.1000 16547.5448  6.02%   249 2443s
 25758 14431 17353.0813   59  426 17608.1000 16547.6537  6.02%   249 2463s
 25923 14571 17085.1275   60  182 17608.1000 16547.9704  6.02%   250 2485s
 26113 14725 16970.2605   64  287 17608.1000 16548.1026  6.02%   250 2505s
 26315 14819 17088.0693   58  376 17608.1000 16548.1948  6.02%   250 2524s
 26473 14951 17066.1921   44  465 17608.1000 16548.4658  6.02%   251 2543s
 26642 15075 16851.9668   28  578 17608.1000 16548.7378  6.02%   251 2563s
 26802 15196 16801.9061   44  531 17608.1000 16548.7910  6.02%   252 2584s
 26952 15304 17185.7911   59  443 17608.1000 16548.9505  6.02%   252 2603s
 27088 15415 17210.8191   48  315 17608.1000 16549.3808  6.01%   253 2627s
 27297 15533 17182.5476   66  245 17608.1000 16549.5660  6.01%   253 2646s
 27457 15657 16940.4206   43  370 17608.1000 16550.0363  6.01%   253 2664s
 27633 15765 16763.6246   39  444 17608.1000 16550.4076  6.01%   253 2682s
 27743 15922 17090.2538   56  309 17608.1000 16550.4076  6.01%   254 2704s
 27945 16061 17503.1091   71  334 17608.1000 16551.2218  6.00%   254 2722s
 28122 16170 17488.0255   79  336 17608.1000 16551.8092  6.00%   254 2741s
 28281 16270 17102.1462   49  291 17608.1000 16552.1092  6.00%   255 2761s
 28412 16408 17419.2731   80  333 17608.1000 16552.2711  6.00%   255 2781s
 28600 16533 17436.3571   42  386 17608.1000 16553.0371  5.99%   255 2800s
 28743 16672 17155.8073   54  371 17608.1000 16553.1746  5.99%   256 2820s
 28928 16827 17061.7635   46  367 17608.1000 16553.2933  5.99%   256 2841s
 29135 16923 16575.4550   39  407 17608.1000 16553.5903  5.99%   256 2863s
 29239 17065 17481.7811   59  312 17608.1000 16553.6127  5.99%   256 2883s
 29447 17195 infeasible   45      17608.1000 16554.8438  5.98%   256 2902s
 29620 17296 17323.7406   74  306 17608.1000 16554.9139  5.98%   256 2922s
 29797 17443 16932.6415   52  409 17608.1000 16555.5194  5.98%   257 2942s
 29995 17565 16886.6428   38  384 17608.1000 16555.8380  5.98%   257 2962s
 30147 17700 17300.5024   69  264 17608.1000 16556.2604  5.97%   257 2981s
 30342 17831 17560.8920   53  207 17608.1000 16556.6290  5.97%   257 3001s
 30523 17917 16996.8578   43  414 17608.1000 16557.3203  5.97%   258 3020s
 30712 18040 16666.6287   44  439 17608.1000 16558.0125  5.96%   258 3041s
 30871 18182 16599.0005   36  405 17608.1000 16558.6493  5.96%   258 3061s
 31053 18277 17519.1811   57  267 17608.1000 16558.7949  5.96%   258 3082s
 31180 18382 17290.0501   59  224 17608.1000 16558.9192  5.96%   259 3101s
 31330 18487 17341.2818   41  297 17608.1000 16559.3946  5.96%   259 3121s
 31490 18553 17384.3040   55  279 17608.1000 16559.7324  5.95%   260 3146s
 31600 18744 16717.7510   43  460 17608.1000 16559.9758  5.95%   260 3168s
 31847 18889 16714.3826   38  384 17608.1000 16560.4730  5.95%   260 3188s
 32018 19072 17145.4699   67  319 17608.1000 16560.7153  5.95%   260 3210s
 32266 19236 16878.6734   47  439 17608.1000 16561.0395  5.95%   260 3231s
 32489 19426 16892.1553   50  292 17608.1000 16561.3336  5.94%   260 3252s
 32743 19592 17074.7450   44  362 17608.1000 16561.3993  5.94%   260 3274s
 32965 19688 17019.0346   59  488 17608.1000 16561.7750  5.94%   260 3293s
 33128 19822 17590.6610   56  325 17608.1000 16562.0984  5.94%   260 3313s
 33303 19895     cutoff   67      17608.1000 16562.6337  5.94%   261 3332s
 33394 20047 17020.5925   58  382 17608.1000 16562.7938  5.94%   261 3352s
 33582 20157 17517.2000  106    - 17608.1000 16562.8635  5.94%   262 3372s
 33733 20310 17537.7910  106   15 17608.1000 16563.3431  5.93%   262 3392s
 33929 20423 17489.1319   67  476 17608.1000 16563.6908  5.93%   262 3412s
 34108 20564 17304.1469   48  336 17608.1000 16564.2635  5.93%   262 3431s
 34301 20708 16870.0483   45  484 17608.1000 16564.3587  5.93%   262 3450s
 34471 20901 17205.5765   59  216 17608.1000 16564.4678  5.93%   263 3470s
 34754 21021 16997.3828   49  345 17608.1000 16565.8403  5.92%   262 3491s
 34959 21159 16718.4842   43  378 17608.1000 16566.1648  5.92%   262 3511s
 35119 21308 17487.9018   74  179 17608.1000 16566.3936  5.92%   263 3532s
 35383 21448 17373.4860   62  175 17608.1000 16567.0526  5.91%   262 3553s
 35561 21575 16595.3702   42  493 17608.1000 16567.2813  5.91%   263 3574s
 35730 21614 16827.5815   41  382 17608.1000 16567.4014  5.91%   263 3600s
H35782 21614                    17608.099997 16567.4014  5.91%   263 3600s

Cutting planes:
  User: 5850
  Gomory: 39
  Cover: 419
  Implied bound: 324
  Projected implied bound: 26
  Clique: 22
  MIR: 205
  StrongCG: 2
  Flow cover: 497
  Zero half: 13
  Network: 4
  RLT: 362
  Relax-and-lift: 13
  Lazy constraints: 651

Explored 35786 nodes (9429830 simplex iterations) in 3600.24 seconds
Thread count was 2 (of 32 available processors)

Solution count 10: 17608.1 17608.1 17653.1 ... 18005.1

Time limit reached
Best objective 1.760809999707e+04, best bound 1.656740141508e+04, gap 5.9103%

User-callback calls 371281, time in user-callback 150.32 sec
================================================================================
executing instance: ./input/Instances/Original/6/absH6high_1n20.dat
--------------------------------------------------------------------------------
Instance details
n	21
H	6
C	1651
Li:
[0, 0, 0, 0, 0, 0, 0, 0, 0, 0, 0, 0, 0, 0, 0, 0, 0, 0, 0, 0, 0, ]
Ui:
[0, 36, 182, 182, 90, 261, 117, 30, 110, 42, 276, 153, 40, 94, 144, 46, 129, 213, 264, 160, 174, ]
Distance matrix:
|0	371	401	343	361	341	370	115	392	400	79	266	292	245	355	431	265	194	95	92	348	|
|371	0	37	141	110	250	117	438	67	131	372	305	115	238	247	255	235	296	392	430	185	|
|401	37	0	175	100	284	146	472	90	156	406	342	152	275	280	282	242	333	415	455	178	|
|343	141	175	0	239	110	38	374	95	60	314	182	67	130	106	127	318	201	397	423	303	|
|361	110	100	239	0	341	222	451	177	240	385	374	190	304	341	361	151	345	354	398	78	|
|341	250	284	110	341	0	143	337	203	151	289	102	152	97	15	95	394	156	415	431	398	|
|370	117	146	38	222	143	0	407	61	30	346	220	81	167	137	139	317	237	417	447	292	|
|115	438	472	374	451	337	407	0	443	434	66	241	339	251	351	431	374	181	201	177	450	|
|392	67	90	95	177	203	61	443	0	66	379	275	104	216	197	193	294	283	427	461	252	|
|400	131	156	60	240	151	30	434	66	0	374	237	112	189	142	127	344	261	448	477	312	|
|79	372	406	314	385	289	346	66	379	374	0	202	275	197	304	383	316	134	175	166	388	|
|266	305	342	182	374	102	220	241	275	237	202	0	191	70	117	196	386	73	352	359	415	|
|292	115	152	67	190	152	81	339	104	112	275	191	0	123	154	193	252	183	336	366	246	|
|245	238	275	130	304	97	167	251	216	189	197	70	123	0	110	187	322	72	319	334	346	|
|355	247	280	106	341	15	137	351	197	142	304	117	154	110	0	80	399	171	427	444	400	|
|431	255	282	127	361	95	139	431	193	127	383	196	193	187	80	0	444	251	499	519	429	|
|265	235	242	318	151	394	317	374	294	344	316	386	252	322	399	444	0	332	226	273	97	|
|194	296	333	201	345	156	237	181	283	261	134	73	183	72	171	251	332	0	279	286	375	|
|95	392	415	397	354	415	417	201	427	448	175	352	336	319	427	499	226	279	0	47	321	|
|92	430	455	423	398	431	447	177	461	477	166	359	366	334	444	519	273	286	47	0	368	|
|348	185	178	303	78	398	292	450	252	312	388	415	246	346	400	429	97	375	321	368	0	|

--------------------------------------------------------------------------------
Building model...
	using lazy and cut (CVRPSEP package)
Solving IRP LP...
--------------------------------------------------------------------------------

Gurobi 9.1.0 (linux64) logging started Tue Feb 16 08:26:28 2021

Gurobi Optimizer version 9.1.0 build v9.1.0rc0 (linux64)
Thread count: 32 physical cores, 32 logical processors, using up to 2 threads
Optimize a model with 1641 rows, 4665 columns and 12105 nonzeros
Model fingerprint: 0x548bb215
Variable types: 507 continuous, 4158 integer (378 binary)
Coefficient statistics:
  Matrix range     [1e+00, 6e+02]
  Objective range  [1e-01, 5e+02]
  Bounds range     [1e+00, 3e+02]
  RHS range        [1e+00, 3e+03]
Presolve removed 618 rows and 213 columns
Presolve time: 0.06s
Presolved: 1023 rows, 4452 columns, 10795 nonzeros
Variable types: 400 continuous, 4052 integer (3689 binary)

Root relaxation: objective 1.300220e+04, 1585 iterations, 0.04 seconds

    Nodes    |    Current Node    |     Objective Bounds      |     Work
 Expl Unexpl |  Obj  Depth IntInf | Incumbent    BestBd   Gap | It/Node Time

     0     0 13002.2046    0  202          - 13002.2046      -     -    0s
     0     0 13222.4577    0  194          - 13222.4577      -     -    0s
     0     0 13235.7069    0  194          - 13235.7069      -     -    0s
     0     0 13235.7572    0  197          - 13235.7572      -     -    0s
     0     0 13711.4535    0  297          - 13711.4535      -     -    0s
     0     0 13765.2658    0  309          - 13765.2658      -     -    0s
     0     0 13777.3381    0  349          - 13777.3381      -     -    0s
     0     0 13777.4884    0  330          - 13777.4884      -     -    0s
     0     0 13948.0348    0  353          - 13948.0348      -     -    0s
     0     0 13958.0069    0  381          - 13958.0069      -     -    1s
     0     0 13961.6745    0  381          - 13961.6745      -     -    1s
     0     0 13977.2065    0  408          - 13977.2065      -     -    1s
     0     0 13983.2179    0  366          - 13983.2179      -     -    1s
     0     0 14009.7336    0  364          - 14009.7336      -     -    1s
     0     0 14016.1797    0  366          - 14016.1797      -     -    1s
     0     0 14016.2662    0  387          - 14016.2662      -     -    1s
     0     0 14066.1133    0  361          - 14066.1133      -     -    1s
     0     0 14071.1762    0  352          - 14071.1762      -     -    1s
     0     0 14079.4764    0  395          - 14079.4764      -     -    1s
     0     0 14109.3797    0  375          - 14109.3797      -     -    1s
     0     0 14115.8122    0  365          - 14115.8122      -     -    2s
     0     0 14122.5721    0  427          - 14122.5721      -     -    2s
     0     0 14125.0936    0  423          - 14125.0936      -     -    2s
     0     0 14126.1530    0  443          - 14126.1530      -     -    2s
     0     0 14151.5325    0  364          - 14151.5325      -     -    2s
     0     0 14154.9206    0  426          - 14154.9206      -     -    2s
     0     0 14155.5436    0  474          - 14155.5436      -     -    2s
     0     0 14157.8816    0  452          - 14157.8816      -     -    2s
     0     0 14157.8816    0  399          - 14157.8816      -     -    2s
     0     2 14158.0997    0  370          - 14158.0997      -     -    3s
    19    22 14270.0741    6  393          - 14166.5811      -   712    5s
    81    86 14700.8332   24  243          - 14166.5811      -   617   10s
   244   268 16630.6309   75  222          - 14166.5811      -   357   15s
   709   772 23592.0000  259   16          - 14172.6143      -   171   20s
   851   804 17603.2643  112  483          - 14467.0409      -   151   25s
   875   820 20637.9632  219  540          - 14508.6236      -   147   30s
   898   835 16118.6389   59  538          - 14516.8782      -   143   35s
   922   852 17960.9097  117  582          - 14517.3662      -   166   40s
H  923   810                    22764.680000 14517.5457  36.2%   165   41s
   932   816 22764.6800  268  520 22764.6800 14517.8091  36.2%   164   45s
   957   836 14556.4713   31  384 22764.6800 14537.5768  36.1%   202   50s
   987   856 14626.5610   40  438 22764.6800 14537.5768  36.1%   232   55s
  1035   891 14793.7449   53  478 22764.6800 14537.5768  36.1%   250   60s
  1084   925 15039.1381   63  396 22764.6800 14537.5768  36.1%   267   65s
H 1087   882                    22678.680000 14537.5768  35.9%   269   65s
H 1119   863                    22659.900000 14537.5768  35.8%   275   68s
  1132   878 15868.1073   72  365 22659.9000 14537.5768  35.8%   278   70s
  1177   910 16365.1823   86  375 22659.9000 14537.5768  35.8%   287   75s
  1238   962 16851.9128   99  387 22659.9000 14537.5768  35.8%   294   80s
  1312  1010 17321.3102  118  176 22659.9000 14537.5768  35.8%   295   85s
  1414  1085 17755.3329  139  208 22659.9000 14537.5768  35.8%   298   91s
  1467  1121 18167.2616  157  193 22659.9000 14537.5768  35.8%   297   96s
  1574  1247 18934.6969  195   93 22659.9000 14537.5768  35.8%   291  100s
H 1662  1180                    22648.759997 14537.5768  35.8%   282  100s
* 1784  1252             276    21595.880000 14541.1118  32.7%   267  104s
  1827  1292     cutoff  275      21595.8800 14581.5802  32.5%   265  106s
  1933  1274 15098.3807   29  468 21595.8800 14581.5802  32.5%   258  110s
  1972  1297 15179.2376   41  434 21595.8800 14581.5802  32.5%   263  116s
  1998  1323 15278.1387   47  427 21595.8800 14581.5802  32.5%   265  120s
  2057  1376 15550.8367   63  274 21595.8800 14581.5802  32.5%   267  126s
  2109  1414 15888.9325   72  218 21595.8800 14581.5802  32.5%   267  133s
  2143  1439 15971.6961   77  236 21595.8800 14581.5802  32.5%   267  135s
  2191  1467 16505.8779   87  220 21595.8800 14581.5802  32.5%   266  140s
  2279  1512 16991.8157  109  237 21595.8800 14581.5802  32.5%   264  150s
  2349  1567 17492.1549  122  213 21595.8800 14581.5802  32.5%   262  157s
  2376  1614 17604.2173  124  195 21595.8800 14581.5802  32.5%   262  160s
  2510  1823 19212.3600  156  142 21595.8800 14581.5802  32.5%   257  167s
  2685  1808 20202.6102  203   23 21595.8800 14594.7557  32.4%   245  170s
* 2699  1697             205    20244.950000 14594.7557  27.9%   244  170s
  2798  1766 14841.6015   40  509 20244.9500 14594.7557  27.9%   244  176s
