




arguments: ./build/bc_mirp -f ./input/orig_exec_109.cfg
Current dir: /scratch/gui/bc_mirp
File verbosity level: 9
date       time         ( uptime  ) [ thread name/id ]                   file:line     v| 
2021-02-07 15:16:53.164 (   0.040s) [main thread     ]             loguru.cpp:789   INFO| Logging to './output/vi_vc+vr/OU/V3/Original/execution_07_02_2021_15_16_53.log', mode: 'a', verbosity: 9
--------------------------------------------------------------------------------
Parameters
                           instance_path           ./input/Instances/Original/3/
                            model_policy                                       1
                             nb_vehicles                                       3
                              output_dir       ./output/vi_vc+vr/OU/V3/Original/
                            sec_strategy                                       1
                       solver_nb_threads                                       2
                         solver_show_log                                    true
                       solver_time_limit                                    3600
                              use_vi_cos                                   false
                              use_vi_cus                                   false
                         use_vi_hc1_full                                   false
                         use_vi_hc1_half                                   false
                      use_vi_hc1_quarter                                   false
                              use_vi_hc2                                   false
                              use_vi_hc3                                   false
                         use_vi_lex_full                                   false
                         use_vi_lex_half                                   false
                      use_vi_lex_quarter                                   false
                              use_vi_qua                                   false
                               use_vi_vc                                    true
                               use_vi_vr                                    true
--------------------------------------------------------------------------------
executing instance: ./input/Instances/Original/3/absH3low_2n5.dat
--------------------------------------------------------------------------------
Instance details
n	6
H	3
C	237
Li:
[0, 0, 0, 0, 0, 0, ]
Ui:
[0, 93, 180, 51, 114, 24, ]
Distance matrix:
|0	170	318	35	112	235	|
|170	0	311	205	258	301	|
|318	311	0	326	278	137	|
|35	205	326	0	89	230	|
|112	258	278	89	0	160	|
|235	301	137	230	160	0	|

--------------------------------------------------------------------------------
Building model...
	using lazy and cut (CVRPSEP package)
Solving IRP LP...
--------------------------------------------------------------------------------

Gurobi 9.1.0 (linux64) logging started Sun Feb  7 15:16:53 2021

Gurobi Optimizer version 9.1.0 build v9.1.0rc0 (linux64)
Thread count: 32 physical cores, 32 logical processors, using up to 2 threads
Optimize a model with 231 rows, 258 columns and 873 nonzeros
Model fingerprint: 0x1a8d131a
Variable types: 69 continuous, 189 integer (54 binary)
Coefficient statistics:
  Matrix range     [1e+00, 2e+02]
  Objective range  [1e-02, 3e+02]
  Bounds range     [1e+00, 2e+02]
  RHS range        [1e+00, 5e+02]
Presolve removed 103 rows and 61 columns
Presolve time: 0.01s
Presolved: 128 rows, 197 columns, 621 nonzeros
Variable types: 36 continuous, 161 integer (115 binary)
Found heuristic solution: objective 2465.5900000
Found heuristic solution: objective 2053.2800000
Found heuristic solution: objective 1828.8300000

Root relaxation: objective 8.459267e+02, 182 iterations, 0.00 seconds

    Nodes    |    Current Node    |     Objective Bounds      |     Work
 Expl Unexpl |  Obj  Depth IntInf | Incumbent    BestBd   Gap | It/Node Time

     0     0  845.92672    0   38 1828.83000  845.92672  53.7%     -    0s
     0     0 1297.68952    0   46 1828.83000 1297.68952  29.0%     -    0s
     0     0 1314.30734    0   66 1828.83000 1314.30734  28.1%     -    0s
     0     0 1323.87070    0   70 1828.83000 1323.87070  27.6%     -    0s
     0     0 1614.51654    0   50 1828.83000 1614.51654  11.7%     -    0s
     0     0 1623.31063    0   49 1828.83000 1623.31063  11.2%     -    0s
     0     0 1626.46066    0   50 1828.83000 1626.46066  11.1%     -    0s
     0     0 1645.01338    0   75 1828.83000 1645.01338  10.1%     -    0s
H    0     0                    1779.2100000 1645.01338  7.54%     -    0s
     0     0 1654.57678    0   67 1779.21000 1654.57678  7.00%     -    0s
     0     0 1655.89119    0   73 1779.21000 1655.89119  6.93%     -    0s
     0     0 1656.10470    0   78 1779.21000 1656.10470  6.92%     -    0s
     0     0 1666.90344    0   67 1779.21000 1666.90344  6.31%     -    0s
     0     0 1667.80745    0   55 1779.21000 1667.80745  6.26%     -    0s
     0     0 1668.13291    0   58 1779.21000 1668.13291  6.24%     -    0s
     0     0 1670.14252    0   67 1779.21000 1670.14252  6.13%     -    0s
     0     0 1670.14252    0   67 1779.21000 1670.14252  6.13%     -    0s
H    0     0                    1720.8300000 1670.14252  2.95%     -    0s
     0     0 1670.14252    0   29 1720.83000 1670.14252  2.95%     -    0s
     0     0 1670.14252    0   60 1720.83000 1670.14252  2.95%     -    0s
     0     0 1670.14252    0   59 1720.83000 1670.14252  2.95%     -    0s
     0     0 1670.14252    0   54 1720.83000 1670.14252  2.95%     -    0s
     0     0 1670.14252    0   73 1720.83000 1670.14252  2.95%     -    0s
     0     0 1670.14252    0   64 1720.83000 1670.14252  2.95%     -    0s
     0     0 1670.17590    0   65 1720.83000 1670.17590  2.94%     -    0s
     0     0 1689.06547    0   58 1720.83000 1689.06547  1.85%     -    0s
     0     0 1689.32943    0   53 1720.83000 1689.32943  1.83%     -    0s
     0     0 1693.93055    0   61 1720.83000 1693.93055  1.56%     -    0s
     0     0 1700.76938    0   28 1720.83000 1700.76938  1.17%     -    0s
     0     0 1700.76938    0   28 1720.83000 1700.76938  1.17%     -    0s
     0     0 1700.76938    0    2 1720.83000 1700.76938  1.17%     -    0s
     0     0 1700.76938    0   13 1720.83000 1700.76938  1.17%     -    0s
     0     0 1700.76938    0   23 1720.83000 1700.76938  1.17%     -    0s
     0     0 1700.76938    0   15 1720.83000 1700.76938  1.17%     -    0s
     0     0 1701.33259    0   15 1720.83000 1701.33259  1.13%     -    0s
     0     0 1708.20166    0   28 1720.83000 1708.20166  0.73%     -    0s
     0     0 1717.20299    0   27 1720.83000 1717.20299  0.21%     -    0s

Cutting planes:
  Cover: 3
  Implied bound: 8
  MIR: 7
  Flow cover: 10
  RLT: 5

Explored 1 nodes (1233 simplex iterations) in 0.24 seconds
Thread count was 2 (of 32 available processors)

Solution count 5: 1720.83 1779.21 1828.83 ... 2465.59

Optimal solution found (tolerance 1.00e-04)
Best objective 1.720830000000e+03, best bound 1.720830000000e+03, gap 0.0000%

User-callback calls 348, time in user-callback 0.01 sec
================================================================================
executing instance: ./input/Instances/Original/3/absH3high_5n30.dat
--------------------------------------------------------------------------------
Instance details
n	31
H	3
C	2296
Li:
[0, 0, 0, 0, 0, 0, 0, 0, 0, 0, 0, 0, 0, 0, 0, 0, 0, 0, 0, 0, 0, 0, 0, 0, 0, 0, 0, 0, 0, 0, 0, ]
Ui:
[0, 80, 90, 297, 28, 264, 123, 192, 112, 32, 72, 88, 294, 129, 126, 105, 110, 237, 246, 92, 72, 147, 54, 96, 128, 96, 84, 28, 74, 196, 192, ]
Distance matrix:
|0	87	302	65	389	171	219	120	412	339	129	63	169	401	383	158	393	161	246	275	64	287	345	235	13	274	106	201	85	358	135	|
|87	0	334	128	402	212	301	204	465	384	187	145	232	424	454	238	475	245	289	352	80	307	352	321	81	352	20	261	170	376	215	|
|302	334	0	239	113	132	237	334	157	70	404	263	162	105	227	229	339	251	65	217	259	53	107	352	293	220	339	134	270	75	235	|
|65	128	239	0	330	107	175	130	348	275	174	40	107	339	326	114	351	125	181	224	58	228	290	222	58	224	143	138	65	297	92	|
|389	402	113	330	0	226	349	438	210	151	502	360	269	48	316	339	441	362	175	328	335	102	55	465	377	330	401	245	371	37	342	|
|171	212	132	107	226	0	169	214	253	173	276	134	64	233	261	130	326	153	77	188	133	125	192	264	162	190	220	68	145	193	125	|
|219	301	237	175	349	169	0	157	257	223	244	157	105	334	180	62	175	61	177	63	233	264	334	118	221	61	317	112	136	312	85	|
|120	204	334	130	438	214	157	0	402	348	88	90	173	438	336	115	307	100	269	220	172	338	406	122	130	218	224	204	69	403	101	|
|412	465	157	348	210	253	257	402	0	88	486	359	245	166	129	287	266	303	178	204	386	208	239	370	406	207	473	212	354	187	304	|
|339	384	70	275	151	173	223	348	88	0	427	291	179	120	166	234	290	254	96	187	306	123	166	342	332	190	391	145	291	119	247	|
|129	187	404	174	502	276	244	88	486	427	0	142	248	508	424	200	390	187	342	308	193	400	464	192	142	306	207	281	136	469	182	|
|63	145	263	40	360	134	157	90	359	291	142	0	114	366	321	95	331	99	202	212	90	258	323	186	65	211	163	148	27	327	72	|
|169	232	162	107	269	64	105	173	245	179	248	114	0	266	222	71	268	94	97	131	155	173	244	203	164	132	245	34	113	233	73	|
|401	424	105	339	48	233	334	438	166	120	508	366	266	0	280	332	409	355	169	305	353	117	96	452	391	308	425	237	374	49	339	|
|383	454	227	326	316	261	180	336	129	166	424	321	222	280	0	231	137	238	208	116	376	277	331	272	381	118	467	197	307	285	253	|
|158	238	229	114	339	130	62	115	287	234	200	95	71	332	231	0	238	23	164	118	171	243	314	134	159	117	255	95	77	302	23	|
|393	475	339	351	441	326	175	307	266	290	390	331	268	409	137	238	0	232	300	138	408	383	445	204	395	136	492	258	308	406	260	|
|161	245	251	125	362	153	61	100	303	254	187	99	94	355	238	23	232	0	187	123	183	267	338	111	164	121	262	117	77	325	34	|
|246	289	65	181	175	77	177	269	178	96	342	202	97	169	208	164	300	187	0	168	210	87	157	290	238	171	296	70	206	138	170	|
|275	352	217	224	328	188	63	220	204	187	308	212	131	305	116	118	138	123	168	0	279	255	322	166	275	3	367	120	195	291	141	|
|64	80	259	58	335	133	233	172	386	306	193	90	155	353	376	171	408	183	210	279	0	236	289	276	51	279	90	182	117	307	150	|
|287	307	53	228	102	125	264	338	208	123	400	258	173	117	277	243	383	267	87	255	236	0	71	374	276	257	308	153	270	71	245	|
|345	352	107	290	55	192	334	406	239	166	464	323	244	96	331	314	445	338	157	322	289	71	0	445	334	325	350	224	337	54	315	|
|235	321	352	222	465	264	118	122	370	342	192	186	203	452	272	134	204	111	290	166	276	374	445	0	243	164	341	221	159	428	142	|
|13	81	293	58	377	162	221	130	406	332	142	65	164	391	381	159	395	164	238	275	51	276	334	243	0	274	100	196	89	347	136	|
|274	352	220	224	330	190	61	218	207	190	306	211	132	308	118	117	136	121	171	3	279	257	325	164	274	0	367	122	194	294	140	|
|106	20	339	143	401	220	317	224	473	391	207	163	245	425	467	255	492	262	296	367	90	308	350	341	100	367	0	272	188	377	232	|
|201	261	134	138	245	68	112	204	212	145	281	148	34	237	197	95	258	117	70	120	182	153	224	221	196	122	272	0	146	208	103	|
|85	170	270	65	371	145	136	69	354	291	136	27	113	374	307	77	308	77	206	195	117	270	337	159	89	194	188	146	0	337	54	|
|358	376	75	297	37	193	312	403	187	119	469	327	233	49	285	302	406	325	138	291	307	71	54	428	347	294	377	208	337	0	306	|
|135	215	235	92	342	125	85	101	304	247	182	72	73	339	253	23	260	34	170	141	150	245	315	142	136	140	232	103	54	306	0	|

--------------------------------------------------------------------------------
Building model...
	using lazy and cut (CVRPSEP package)
Solving IRP LP...
--------------------------------------------------------------------------------

Gurobi 9.1.0 (linux64) logging started Sun Feb  7 15:16:53 2021

Gurobi Optimizer version 9.1.0 build v9.1.0rc0 (linux64)
Thread count: 32 physical cores, 32 logical processors, using up to 2 threads
Optimize a model with 1231 rows, 4858 columns and 11773 nonzeros
Model fingerprint: 0x0df51dc6
Variable types: 394 continuous, 4464 integer (279 binary)
Coefficient statistics:
  Matrix range     [1e+00, 8e+02]
  Objective range  [1e-01, 5e+02]
  Bounds range     [1e+00, 3e+02]
  RHS range        [1e+00, 4e+03]
Presolve removed 549 rows and 217 columns
Presolve time: 0.08s
Presolved: 682 rows, 4641 columns, 10499 nonzeros
Variable types: 240 continuous, 4401 integer (4118 binary)

Root relaxation: objective 8.907571e+03, 806 iterations, 0.02 seconds

    Nodes    |    Current Node    |     Objective Bounds      |     Work
 Expl Unexpl |  Obj  Depth IntInf | Incumbent    BestBd   Gap | It/Node Time

     0     0 8907.57081    0  100          - 8907.57081      -     -    0s
     0     0 9272.00346    0  105          - 9272.00346      -     -    0s
     0     0 9272.19005    0   90          - 9272.19005      -     -    0s
     0     0 9450.92603    0  132          - 9450.92603      -     -    0s
     0     0 9530.48791    0  153          - 9530.48791      -     -    0s
     0     0 9532.34416    0  139          - 9532.34416      -     -    0s
     0     0 9532.35478    0  146          - 9532.35478      -     -    0s
     0     0 9802.10088    0  176          - 9802.10088      -     -    0s
     0     0 9812.28481    0  195          - 9812.28481      -     -    0s
     0     0 9817.94945    0  200          - 9817.94945      -     -    0s
     0     0 9823.03264    0  173          - 9823.03264      -     -    0s
     0     0 9823.05319    0  202          - 9823.05319      -     -    0s
     0     0 9871.28796    0  208          - 9871.28796      -     -    0s
     0     0 9875.81068    0  260          - 9875.81068      -     -    0s
     0     0 9876.06491    0  254          - 9876.06491      -     -    0s
     0     0 9894.06447    0  245          - 9894.06447      -     -    0s
     0     0 9901.43597    0  247          - 9901.43597      -     -    0s
     0     0 9901.84962    0  242          - 9901.84962      -     -    0s
     0     0 9912.92358    0  260          - 9912.92358      -     -    1s
     0     0 9919.58631    0  293          - 9919.58631      -     -    1s
     0     0 9922.83227    0  303          - 9922.83227      -     -    1s
     0     0 9923.14870    0  277          - 9923.14870      -     -    1s
     0     0 9925.43282    0  314          - 9925.43282      -     -    1s
     0     0 9925.43282    0  304          - 9925.43282      -     -    1s
     0     2 9929.74238    0  285          - 9929.74238      -     -    1s
   216   221 10407.1108   34  180          - 9929.74238      -   119    5s
*  285   279             126    12647.690000 9929.74238  21.5%  99.5    5s
   423   418 10383.3389   15  216 12647.6900 9929.74238  21.5%  98.1   10s
   608   604 10766.1571   49   32 12647.6900 9929.74238  21.5%  90.8   15s
H  839   757                    12600.690000 9929.74238  21.2%  76.9   19s
   841   758 11050.9311   87  249 12600.6900 9929.74238  21.2%  76.7   20s
H  860   732                    12541.610000 10008.4562  20.2%  75.0   22s
   872   740 10436.6511   38  436 12541.6100 10017.7900  20.1%  74.0   25s
H  883   711                    12500.610000 10020.3020  19.8%  79.7   28s
   895   719 12231.9928  172  416 12500.6100 10020.5127  19.8%  78.6   30s
   920   735 11170.4737   69  388 12500.6100 10032.0708  19.7%  76.5   35s
   932   746 10062.7784   25  345 12500.6100 10041.8163  19.7%  83.6   40s
   979   778 10191.4706   37  266 12500.6100 10062.8841  19.5%  97.7   45s
  1084   857 10368.6731   66  168 12500.6100 10062.8841  19.5%   110   50s
  1225   953 10667.9536  104  216 12500.6100 10062.8841  19.5%   116   55s
  1385  1067 10734.5877  143  163 12500.6100 10062.8841  19.5%   118   60s
  1523  1152 10872.3489  174  215 12500.6100 10062.8841  19.5%   119   65s
  1679  1210 11245.1862  217  157 12500.6100 10062.8841  19.5%   125   70s
  1809  1328 11550.6140  260   73 12500.6100 10062.8841  19.5%   127   75s
  2045  1525 11966.2278  337  103 12500.6100 10062.8841  19.5%   123   81s
  2379  1659 10217.1578   27  284 12500.6100 10069.0991  19.5%   115   86s
  2477  1673 10353.0693   38  253 12500.6100 10069.0991  19.5%   116   93s
  2500  1696 10427.8552   44  229 12500.6100 10069.0991  19.5%   118   96s
  2608  1810 10887.5767   80  153 12500.6100 10069.0991  19.5%   119  101s
  2744  1997 11621.6735  109   90 12500.6100 10069.0991  19.5%   117  107s
  2900  2055 11696.8662  133   89 12500.6100 10069.0991  19.5%   113  111s
H 2969  1799                    12064.490000 10069.0991  16.5%   111  112s
  3128  1774 10378.2734   32  406 12064.4900 10083.4469  16.4%   109  116s
  3198  1913 10923.8286   62  133 12064.4900 10089.3320  16.4%   110  120s
  3468  2075 10505.1830   36  131 12064.4900 10097.0252  16.3%   105  126s
  3578  2158 10277.3133   40  263 12064.4900 10097.0252  16.3%   106  130s
  3757  2298 10730.1703   62  147 12064.4900 10097.0252  16.3%   106  136s
  3877  2425 12040.9600  119    8 12064.4900 10112.7207  16.2%   106  142s
  3960  2499 infeasible  136      12064.4900 10113.7694  16.2%   106  146s
  4140  2706 11300.9225  118   61 12064.4900 10121.6388  16.1%   106  152s
  4272  2723 10465.5768   35  234 12064.4900 10121.6620  16.1%   105  156s
  4289  2839 10703.6938   46  212 12064.4900 10121.6620  16.1%   106  160s
  4572  3033 10559.4902   34  243 12064.4900 10135.3856  16.0%   103  167s
  4626  3259 11252.6317   69   42 12064.4900 10140.8730  15.9%   104  171s
  4890  3338 10608.7598   42  180 12064.4900 10144.4175  15.9%   101  177s
  4984  3403 11302.7550   77   87 12064.4900 10155.9062  15.8%   101  181s
  5063  3506 10477.9294   43  238 12064.4900 10156.1243  15.8%   101  185s
  5251  3679 11412.4784   70   49 12064.4900 10176.7835  15.6%   102  193s
  5411  3762 10579.0843   37  256 12064.4900 10178.8544  15.6%   102  197s
  5494  3895 11610.4296   92   41 12064.4900 10182.6499  15.6%   102  201s
  5654  3959 10762.3226   44  126 12064.4900 10191.5140  15.5%   102  206s
  5734  4126 10507.8604   37  120 12064.4900 10191.5420  15.5%   102  211s
  5899  4272 10719.4450  127   19 12064.4900 10200.5772  15.4%   102  218s
  6069  4393     cutoff  155      12064.4900 10200.5995  15.4%   100  224s
  6218  4562 infeasible  161      12064.4900 10204.8070  15.4%   101  230s
  6397  4621 10505.8854   35  258 12064.4900 10204.8204  15.4%   100  235s
  6456  4828 10725.4788   48   50 12064.4900 10205.0767  15.4%   101  242s
  6732  5067 10377.6698   36  282 12064.4900 10207.3384  15.4%   100  249s
  6970  5132 10336.8193   29  286 12064.4900 10207.4164  15.4%  99.3  254s
  7006  5132 infeasible  163      12064.4900 10207.4164  15.4%   100  255s
  7036  5300 11263.1292   65   87 12064.4900 10210.7447  15.4%   100  260s
  7233  5628 10758.6589   72   74 12064.4900 10211.8558  15.4%  99.2  268s
  7548  5636 10770.0725   88  109 12064.4900 10211.9226  15.4%  97.8  270s
  7628  5849 11888.0707  155   40 12064.4900 10214.9747  15.3%  97.2  276s
  7851  5901 infeasible  164      12064.4900 10215.1804  15.3%  96.7  284s
  7920  6194 10795.6075   54  166 12064.4900 10218.1071  15.3%  97.3  291s
  8239  6285 10425.7360   39  267 12064.4900 10219.9362  15.3%  96.0  297s
  8330  6497 11015.0885   66   37 12064.4900 10220.0071  15.3%  97.2  304s
  8457  6498 10744.7836   70   68 12064.4900 10220.0071  15.3%  96.9  305s
  8588  6584 10280.0639   30  330 12064.4900 10224.8468  15.2%  96.8  311s
  8698  6636 infeasible   81      12064.4900 10226.3863  15.2%  97.6  316s
  8750  6770 10935.3055   60   87 12064.4900 10226.3894  15.2%  98.5  322s
  8903  6907 infeasible  110      12064.4900 10229.4658  15.2%  98.9  328s
  9069  7100 11731.7504  105   14 12064.4900 10230.5834  15.2%  98.9  334s
  9158  7101 11659.5257   81   12 12064.4900 10230.5834  15.2%  98.9  335s
  9317  7152 infeasible  125      12064.4900 10231.0266  15.2%  98.4  341s
  9366  7284 10309.1202   30  345 12064.4900 10233.0566  15.2%  99.3  347s
  9516  7473 10950.5199   49  134 12064.4900 10239.4532  15.1%   100  354s
  9641  7476 10625.2729   51  149 12064.4900 10239.4532  15.1%  99.3  355s
  9723  7601 10685.2709   70   92 12064.4900 10243.4772  15.1%  99.4  362s
  9890  7770     cutoff  152      12064.4900 10244.8474  15.1%  98.9  368s
 10069  8017 11392.4391  145   43 12064.4900 10245.3271  15.1%  98.9  375s
 10336  8209 11497.7704  108   93 12064.4900 10247.8252  15.1%  98.0  382s
 10564  8279 10616.7156   41  208 12064.4900 10248.1777  15.1%  97.6  388s
 10634  8581 10751.6864   65   55 12064.4900 10248.4865  15.1%  98.7  395s
 10976  8704 infeasible  209      12064.4900 10250.2412  15.0%  97.7  402s
 11111  8924 11098.5450   76   52 12064.4900 10251.5989  15.0%  98.1  408s
 11362  9103 10974.1460   70   94 12064.4900 10256.1932  15.0%  97.6  416s
 11597  9248 10790.3273   39  193 12064.4900 10257.5333  15.0%  96.8  423s
 11764  9388 11968.4443   86   36 12064.4900 10258.3798  15.0%  96.8  430s
 11940  9577     cutoff  114      12064.4900 10259.3775  15.0%  96.8  436s
 12178  9795     cutoff  109      12064.4900 10263.4513  14.9%  96.4  443s
 12433  9911 infeasible  178      12064.4900 10267.2867  14.9%  95.9  450s
 12578 10062 10580.5577   33  278 12064.4900 10267.4733  14.9%  96.1  456s
 12742 10083     cutoff  110      12064.4900 10268.5465  14.9%  96.2  463s
 12776 10180 10822.9570   41   95 12064.4900 10268.8401  14.9%  96.6  469s
 12889 10371 10665.6357   47   94 12064.4900 10269.5031  14.9%  97.1  475s
 13112 10532     cutoff  172      12064.4900 10270.0227  14.9%  96.9  482s
 13317 10638 10923.8311   67   73 12064.4900 10272.9630  14.8%  96.7  489s
 13355 10647 11372.8700  105    - 12064.4900 10272.9630  14.8%  96.5  490s
 13451 10744 11647.3676  106   56 12064.4900 10274.8406  14.8%  96.8  496s
 13567 10918 12043.1233  134   13 12064.4900 10275.5364  14.8%  97.1  504s
 13786 11129     cutoff  137      12064.4900 10275.7030  14.8%  96.9  511s
 14009 11193     cutoff  142      12064.4900 10277.3386  14.8%  96.5  517s
 14090 11438 infeasible  158      12064.4900 10277.4109  14.8%  97.0  524s
 14217 11439 11513.3947  110   55 12064.4900 10277.6157  14.8%  96.9  525s
 14355 11616 11964.7083  119   31 12064.4900 10278.5633  14.8%  96.3  532s
 14575 11774 11905.3100  100    - 12064.4900 10279.7819  14.8%  96.0  540s
*14784 11270             100    11911.310000 10280.1250  13.7%  95.8  547s
 14968 11377 11412.9183  117   44 11911.3100 10280.5643  13.7%  95.9  555s
 15141 11494 infeasible  140      11911.3100 10280.7764  13.7%  95.8  562s
 15260 11614     cutoff  106      11911.3100 10283.1380  13.7%  96.1  569s
 15406 11717 10861.6487   64   49 11911.3100 10285.3723  13.7%  96.3  575s
 15529 11787     cutoff  123      11911.3100 10286.3476  13.6%  96.5  581s
 15608 11938 10692.4932   42  169 11911.3100 10286.5659  13.6%  97.0  588s
 15811 12089 11816.1300  112    - 11911.3100 10286.6946  13.6%  96.8  595s
 15987 12150 11859.9600  112    - 11911.3100 10288.0108  13.6%  96.8  601s
 16042 12257 11891.1300  112    8 11911.3100 10289.2654  13.6%  97.3  608s
*16046 12219             116    11905.130000 10289.2654  13.6%  97.2  608s
 16168 12490 10882.7212   64  144 11905.1300 10289.7575  13.6%  97.5  616s
 16470 12574     cutoff  201      11905.1300 10290.2507  13.6%  96.7  623s
 16558 12861 10840.6626   53   85 11905.1300 10291.3447  13.6%  97.1  631s
 16903 12944 11405.4504   86   36 11905.1300 10293.8842  13.5%  96.4  638s
 16994 13086 infeasible  113      11905.1300 10294.3693  13.5%  96.7  645s
 17148 13147 11166.4027   91   43 11905.1300 10294.8755  13.5%  96.8  652s
 17226 13284 10744.7049   43  150 11905.1300 10296.3654  13.5%  97.0  659s
 17415 13402     cutoff  112      11905.1300 10296.8479  13.5%  97.0  666s
 17549 13473     cutoff  132      11905.1300 10298.5038  13.5%  97.2  673s
 17630 13588 10628.2996   38  237 11905.1300 10299.3615  13.5%  97.4  680s
 17760 13759 11124.6500   53   23 11905.1300 10299.6752  13.5%  97.7  689s
 17947 13773 11432.5458   67    9 11905.1300 10299.7621  13.5%  97.4  690s
 18005 13827 11851.6027  111   14 11905.1300 10300.1300  13.5%  97.3  695s
 18071 13970 10835.7474   61  111 11905.1300 10300.7515  13.5%  97.7  702s
 18248 14095 10822.1675   61   91 11905.1300 10301.4233  13.5%  97.6  710s
 18395 14183 infeasible  118      11905.1300 10301.7487  13.5%  97.7  717s
 18475 14397 10903.6035   66   21 11905.1300 10302.2010  13.5%  98.1  724s
 18741 14469     cutoff   94      11905.1300 10302.8297  13.5%  97.6  731s
 18815 14612 11116.4065   84   91 11905.1300 10303.3658  13.5%  98.0  738s
 18987 14707 11193.2934   71   60 11905.1300 10303.6449  13.5%  98.0  745s
 19110 14881 10886.9409   44   97 11905.1300 10303.9063  13.4%  98.1  753s
 19318 14916 infeasible  132      11905.1300 10304.1745  13.4%  98.0  760s
 19356 14996 10513.9707   40  212 11905.1300 10304.7772  13.4%  98.6  766s
 19436 15263 10803.4340   51  158 11905.1300 10306.3108  13.4%  99.1  775s
 19816 15382     cutoff  137      11905.1300 10306.6024  13.4%  98.3  784s
 19923 15484     cutoff  120      11905.1300 10308.4853  13.4%  98.7  792s
 20038 15613 11330.5655   68   76 11905.1300 10308.7484  13.4%  98.9  799s
 20191 15718 10717.3807   53  219 11905.1300 10308.9652  13.4%  98.9  806s
 20335 15790 infeasible  124      11905.1300 10309.3009  13.4%  99.1  812s
 20418 15976 10988.4425   53   67 11905.1300 10309.6176  13.4%  99.5  819s
 20456 15977 11121.6840   90   29 11905.1300 10309.6176  13.4%  99.4  820s
 20624 16089 11235.4603   66  101 11905.1300 10310.0148  13.4%  99.3  827s
 20766 16286 10559.7050   41  221 11905.1300 10310.6862  13.4%  99.4  834s
 20924 16288 11395.6363   76   24 11905.1300 10310.6862  13.4%  99.3  835s
 20996 16540 11573.5700  113   21 11905.1300 10310.8222  13.4%  99.2  842s
 21308 16648     cutoff  139      11905.1300 10311.1585  13.4%  98.5  850s
 21412 16764 11387.0475   59   38 11905.1300 10311.2280  13.4%  98.7  856s
 21552 16770 infeasible  104      11905.1300 10311.8327  13.4%  98.7  864s
 21558 16912 10588.6423   34  191 11905.1300 10312.0793  13.4%  98.8  870s
 21750 17095 10662.9732   39  232 11905.1300 10313.3197  13.4%  98.7  878s
 21949 17246     cutoff  137      11905.1300 10313.8376  13.4%  98.7  885s
 22118 17347 10904.2883   65   76 11905.1300 10315.2714  13.4%  98.7  892s
 22234 17416     cutoff  112      11905.1300 10315.4634  13.4%  98.9  899s
 22323 17490 10785.6082   46  178 11905.1300 10315.9137  13.3%  99.0  906s
 22423 17585 infeasible  104      11905.1300 10316.8739  13.3%  99.2  913s
 22540 17794 10747.9756   56   65 11905.1300 10317.2914  13.3%  99.4  920s
 22795 17873     cutoff  111      11905.1300 10317.6839  13.3%  99.2  928s
 22904 17995 10859.6737   48   84 11905.1300 10318.6677  13.3%  99.3  936s
 23049 18065 infeasible   92      11905.1300 10318.7547  13.3%  99.4  944s
 23164 18193 10997.9846   41  274 11905.1300 10319.0515  13.3%   100  951s
 23327 18246 11584.3496   66  144 11905.1300 10320.4662  13.3%   100  958s
 23397 18286 10525.4139   40  320 11905.1300 10321.5532  13.3%   100  965s
 23437 18410 10782.1260   54  168 11905.1300 10321.5852  13.3%   100  972s
 23641 18516 infeasible  121      11905.1300 10322.5095  13.3%   100  979s
 23729 18639 11142.3027   67   57 11905.1300 10323.4205  13.3%   100  986s
 23867 18747 11610.5458   92   27 11905.1300 10324.6662  13.3%   100  993s
 24008 18780     cutoff  102      11905.1300 10326.1082  13.3%   100 1000s
 24050 18893 10975.6884   43  271 11905.1300 10327.1118  13.3%   101 1007s
 24207 18950 10470.2344   38  316 11905.1300 10327.4204  13.3%   101 1015s
 24275 19075 11037.9404   67  167 11905.1300 10328.1789  13.2%   101 1022s
 24449 19170     cutoff  124      11905.1300 10328.4744  13.2%   101 1029s
 24543 19270 11207.1651   74  116 11905.1300 10328.5034  13.2%   101 1036s
 24668 19336 10684.0115   41  159 11905.1300 10328.5353  13.2%   101 1043s
 24732 19410 10750.2759   42  130 11905.1300 10328.5353  13.2%   101 1051s
 24806 19506 11047.8596   52  108 11905.1300 10328.5353  13.2%   102 1058s
 24910 19627 11166.5100   61    - 11905.1300 10328.5847  13.2%   102 1067s
 25082 19737     cutoff   82      11905.1300 10328.6308  13.2%   102 1077s
 25264 19832 11158.2203   53  158 11905.1300 10328.7207  13.2%   102 1085s
 25374 19910     cutoff   91      11905.1300 10328.7393  13.2%   102 1092s
 25473 20027 11416.5215   79  114 11905.1300 10329.3247  13.2%   102 1099s
 25616 20112 11863.8526  113   87 11905.1300 10329.8860  13.2%   102 1106s
 25723 20252 10948.0792   53  149 11905.1300 10330.0668  13.2%   103 1114s
 25876 20449 11242.6475   71  133 11905.1300 10330.8560  13.2%   103 1122s
 26100 20544     cutoff  138      11905.1300 10331.0141  13.2%   102 1130s
 26209 20645 11090.8463   60   77 11905.1300 10331.4180  13.2%   102 1138s
 26349 20780 10747.3057   44  322 11905.1300 10331.9209  13.2%   103 1145s
 26492 20893 11455.6609   85  100 11905.1300 10332.8018  13.2%   103 1153s
 26646 20983     cutoff  129      11905.1300 10333.4505  13.2%   103 1160s
 26742 21055 10766.3143   51  290 11905.1300 10333.5928  13.2%   103 1168s
 26840 21131 10412.9343   33  275 11905.1300 10334.1702  13.2%   103 1175s
 26910 21316 10688.7982   52   25 11905.1300 10334.9486  13.2%   103 1184s
 27139 21329 11806.0929  114   14 11905.1300 10335.1281  13.2%   103 1185s
 27165 21505     cutoff  134      11905.1300 10335.1675  13.2%   103 1193s
 27383 21572 11877.7600  112    - 11905.1300 10338.8522  13.2%   103 1200s
 27451 21641     cutoff  112      11905.1300 10339.4162  13.2%   103 1207s
 27528 21783 11283.7584   62  102 11905.1300 10339.9466  13.1%   103 1215s
 27690 21857 11431.7223   78   37 11905.1300 10340.3325  13.1%   103 1223s
 27773 22022 11260.6660   65   97 11905.1300 10340.7902  13.1%   103 1231s
 27957 22103 11115.4872   71   21 11905.1300 10342.2408  13.1%   103 1238s
 28058 22140     cutoff   87      11905.1300 10343.2788  13.1%   103 1246s
 28106 22223     cutoff   87      11905.1300 10344.1444  13.1%   104 1254s
 28197 22273 10919.3763   68   56 11905.1300 10345.0636  13.1%   104 1261s
 28268 22365 11655.1240   92   39 11905.1300 10345.1714  13.1%   104 1268s
 28374 22479 11246.2864   78   24 11905.1300 10345.4635  13.1%   104 1276s
 28522 22580     cutoff  126      11905.1300 10345.9083  13.1%   104 1284s
 28646 22615 infeasible  104      11905.1300 10346.6796  13.1%   104 1296s
 28691 22719 10811.0329   44   96 11905.1300 10347.1697  13.1%   104 1311s
 28848 22817     cutoff  105      11905.1300 10347.8113  13.1%   104 1323s
 28930 22973 10941.1915   55  149 11905.1300 10347.8156  13.1%   104 1331s
 29125 22999 infeasible  114      11905.1300 10348.3494  13.1%   104 1339s
 29153 23083 10808.0239   39  282 11905.1300 10348.4278  13.1%   105 1347s
 29237 23165 11174.1010   48  228 11905.1300 10349.0817  13.1%   105 1355s
H29238 23008                    11880.010000 10349.0817  12.9%   105 1355s
 29371 23091     cutoff   68      11880.0100 10349.6843  12.9%   105 1363s
 29470 23212 11141.1534   47  255 11880.0100 10350.1584  12.9%   105 1372s
 29638 23281 10379.7145   37  248 11880.0100 10350.5038  12.9%   105 1380s
 29740 23380 11404.4490   77   47 11880.0100 10350.8453  12.9%   105 1389s
*29803 22973             123    11837.880000 10350.8464  12.6%   105 1390s
 29884 23060 10895.3388   45  145 11837.8800 10350.9821  12.6%   105 1398s
 29986 23191     cutoff  113      11837.8800 10351.4526  12.6%   105 1406s
 30144 23241 11786.1908   86   14 11837.8800 10352.5606  12.5%   105 1414s
 30201 23325     cutoff   88      11837.8800 10352.7812  12.5%   106 1422s
 30287 23410 10920.1146   66   29 11837.8800 10352.7992  12.5%   106 1431s
 30434 23476 11560.5329   95   16 11837.8800 10353.2260  12.5%   106 1438s
 30499 23599     cutoff  108      11837.8800 10353.4833  12.5%   106 1447s
 30639 23672 11465.8807   83    8 11837.8800 10353.9324  12.5%   106 1456s
 30725 23753 11003.1633   43    8 11837.8800 10354.7900  12.5%   106 1465s
 30838 23807     cutoff   80      11837.8800 10355.0224  12.5%   107 1473s
 30886 23921 11399.4833   62  101 11837.8800 10355.0273  12.5%   107 1483s
 31029 24006 11456.0162   71   96 11837.8800 10355.2730  12.5%   107 1491s
 31129 24085 11380.2300   78    - 11837.8800 10356.3925  12.5%   107 1499s
 31229 24125 11399.8600   78   44 11837.8800 10356.8875  12.5%   107 1507s
 31286 24252     cutoff   92      11837.8800 10357.3432  12.5%   108 1517s
 31443 24325 11339.1356   70   65 11837.8800 10357.4072  12.5%   108 1525s
 31518 24410     cutoff  123      11837.8800 10357.8728  12.5%   108 1539s
 31629 24489 11158.3539   73   43 11837.8800 10358.2436  12.5%   108 1548s
 31722 24606 10816.5326   42  243 11837.8800 10358.8808  12.5%   108 1557s
 31872 24678 11387.3301   71   77 11837.8800 10359.8454  12.5%   108 1565s
 31970 24782     cutoff   89      11837.8800 10360.2563  12.5%   108 1574s
 32056 24784 11820.5300  124    4 11837.8800 10360.2563  12.5%   108 1575s
 32094 24865 10538.2979   38  172 11837.8800 10360.5906  12.5%   108 1584s
 32189 25039 10956.3735   52  111 11837.8800 10360.8731  12.5%   108 1593s
 32410 25093 10593.0054   42  333 11837.8800 10360.9296  12.5%   108 1602s
 32458 25177 11147.3492   53  119 11837.8800 10360.9296  12.5%   109 1612s
 32574 25220 11802.4808   77   91 11837.8800 10361.0688  12.5%   109 1621s
 32631 25293     cutoff   85      11837.8800 10361.3152  12.5%   109 1629s
 32718 25388 11078.1625   58  206 11837.8800 10361.5423  12.5%   109 1638s
 32840 25439 10700.4647   44  285 11837.8800 10361.6174  12.5%   109 1645s
 32894 25487 11430.3747   78  122 11837.8800 10361.9783  12.5%   110 1653s
 32967 25557 10846.6401   42  252 11837.8800 10363.1325  12.5%   110 1663s
 33055 25665     cutoff   85      11837.8800 10363.6709  12.5%   110 1672s
 33199 25738     cutoff  105      11837.8800 10364.0861  12.4%   110 1680s
 33269 25824 10908.7620   59  173 11837.8800 10364.5692  12.4%   110 1688s
 33386 25965 10780.0092   44  121 11837.8800 10364.5978  12.4%   110 1698s
 33535 26075 11430.3000   94   14 11837.8800 10364.6612  12.4%   110 1707s
 33723 26173 infeasible  121      11837.8800 10365.6281  12.4%   110 1716s
 33819 26273     cutoff  119      11837.8800 10365.7466  12.4%   110 1726s
 33961 26307 10539.4144   38  184 11837.8800 10365.9700  12.4%   110 1737s
 33994 26429 10747.5557   47  152 11837.8800 10365.9700  12.4%   111 1746s
 34151 26510 11197.1479   63   48 11837.8800 10366.2952  12.4%   111 1754s
 34248 26710 10652.8588   60   38 11837.8800 10367.2874  12.4%   111 1764s
 34364 26713 10658.1210   33  151 11837.8800 10367.2982  12.4%   111 1765s
 34526 26788     cutoff  109      11837.8800 10367.3341  12.4%   110 1773s
 34592 26851 11342.1984   73   63 11837.8800 10367.6874  12.4%   111 1781s
 34693 26934 infeasible   84      11837.8800 10367.9554  12.4%   111 1789s
 34750 26934 10672.9232   37  415 11837.8800 10367.9554  12.4%   111 1790s
 34775 27017 11674.1124   93   44 11837.8800 10368.1242  12.4%   111 1798s
 34889 27138 11047.3481   41   67 11837.8800 10368.3485  12.4%   111 1808s
 35081 27204 11407.9157   48  109 11837.8800 10368.3542  12.4%   111 1816s
 35151 27304 11122.0611   60  134 11837.8800 10368.4559  12.4%   111 1824s
 35265 27407 11828.6034   90   74 11837.8800 10368.5572  12.4%   111 1833s
 35416 27525     cutoff   87      11837.8800 10369.2451  12.4%   111 1842s
 35545 27719 10909.9381   58   13 11837.8800 10369.9349  12.4%   111 1852s
 35800 27804 11062.5900   64   26 11837.8800 10370.3522  12.4%   111 1860s
 35895 27864 11500.3848  100   35 11837.8800 10370.9249  12.4%   111 1868s
 35963 27931 infeasible  114      11837.8800 10371.7112  12.4%   111 1875s
 36053 28054 11805.2642   89   38 11837.8800 10371.8743  12.4%   111 1884s
 36200 28142 10921.5146   51  154 11837.8800 10372.8106  12.4%   111 1892s
 36297 28209 10795.7400   45  192 11837.8800 10372.8231  12.4%   111 1901s
 36364 28279 11181.3761   72  126 11837.8800 10372.8744  12.4%   112 1909s
 36405 28284 11042.0054   67   55 11837.8800 10373.0444  12.4%   112 1910s
 36468 28340     cutoff   84      11837.8800 10373.0805  12.4%   112 1918s
 36527 28440 10890.6624   54   36 11837.8800 10373.1067  12.4%   112 1927s
 36565 28440 10931.8700   92   10 11837.8800 10373.1067  12.4%   112 1931s
 36679 28495     cutoff   99      11837.8800 10373.3466  12.4%   112 1938s
 36743 28574 11814.3846  103   39 11837.8800 10373.7935  12.4%   112 1947s
 36848 28634     cutoff  106      11837.8800 10373.9985  12.4%   112 1955s
 36919 28703 11027.4556   57  242 11837.8800 10374.1450  12.4%   112 1963s
 36988 28845 11257.3675   76  172 11837.8800 10374.2461  12.4%   113 1973s
 37174 28972 10662.6826   40  192 11837.8800 10375.3630  12.4%   113 1982s
 37325 29029 infeasible   97      11837.8800 10375.4272  12.4%   113 1990s
 37399 29093 10780.3965   53  150 11837.8800 10375.6240  12.4%   113 1999s
 37463 29320 10837.4587   65  109 11837.8800 10375.6240  12.4%   113 2009s
 37539 29322 11035.9229  103   12 11837.8800 10375.6240  12.4%   113 2010s
 37720 29410 11754.3369  125   19 11837.8800 10375.6720  12.4%   113 2019s
 37813 29410 11218.6811   79   12 11837.8800 10375.6894  12.4%   113 2020s
 37833 29484 10961.1197   70  171 11837.8800 10377.0048  12.3%   113 2028s
 37931 29633 10821.6640   47  151 11837.8800 10377.6034  12.3%   113 2038s
 38116 29749     cutoff  149      11837.8800 10377.6948  12.3%   113 2049s
 38263 29857     cutoff  146      11837.8800 10378.0374  12.3%   113 2058s
 38407 29911 10815.0661   43  188 11837.8800 10378.5845  12.3%   113 2068s
 38462 30011 11038.9266   58   60 11837.8800 10378.8619  12.3%   113 2076s
 38591 30053     cutoff   71      11837.8800 10379.2748  12.3%   113 2084s
 38634 30160 11062.5531   64  273 11837.8800 10379.8672  12.3%   114 2093s
 38775 30262 10933.8638   47  151 11837.8800 10380.0496  12.3%   114 2102s
 38900 30354 11597.5602   80    5 11837.8800 10380.3971  12.3%   114 2111s
 39023 30412 11804.0440   89   39 11837.8800 10381.0140  12.3%   114 2121s
 39094 30513     cutoff   96      11837.8800 10381.1305  12.3%   114 2131s
 39243 30570     cutoff  119      11837.8800 10382.0601  12.3%   114 2140s
 39317 30641 10590.5630   33  306 11837.8800 10382.3684  12.3%   114 2150s
 39404 30762 10809.3815   52  171 11837.8800 10382.8458  12.3%   114 2159s
 39561 30786     cutoff  128      11837.8800 10383.6688  12.3%   114 2167s
 39588 30841 10833.4736   46  201 11837.8800 10384.1253  12.3%   114 2176s
 39643 30976 11153.8340   55  151 11837.8800 10384.1588  12.3%   115 2186s
 39826 31177 10750.1479   46  162 11837.8800 10384.1917  12.3%   115 2197s
 40069 31299 11717.0000  108    - 11837.8800 10384.2126  12.3%   114 2207s
 40207 31340     cutoff  108      11837.8800 10384.2428  12.3%   114 2216s
 40254 31433 11148.1672   65  196 11837.8800 10384.3707  12.3%   115 2225s
 40377 31574     cutoff   94      11837.8800 10384.4870  12.3%   115 2236s
H40478 22480                    11381.220000 10384.4957  8.76%   115 2236s
 40582 22448 10919.6950   58  144 11381.2200 10384.4957  8.76%   115 2248s
 40611 22553 11073.7503   69  154 11381.2200 10384.6247  8.76%   115 2259s
 40767 22634 10601.5339   36  316 11381.2200 10384.9817  8.75%   115 2267s
 40868 22718     cutoff   73      11381.2200 10386.0718  8.74%   115 2277s
H40878 22299                    11360.340000 10386.0718  8.58%   115 2277s
 40967 22335     cutoff   75      11360.3400 10386.2457  8.57%   115 2287s
 41023 22411 10579.1426   42  264 11360.3400 10386.4485  8.57%   115 2296s
 41099 22539 10982.4317   74   31 11360.3400 10386.5767  8.57%   115 2306s
 41301 22633 11308.0424   78   40 11360.3400 10387.2441  8.57%   115 2316s
 41416 22682     cutoff  107      11360.3400 10387.4035  8.56%   115 2325s
 41492 22773     cutoff   67      11360.3400 10387.4724  8.56%   115 2335s
 41610 22813 10565.5928   43  306 11360.3400 10387.7502  8.56%   115 2344s
 41651 22868 10815.8575   50  227 11360.3400 10387.7502  8.56%   116 2352s
 41707 22912 11092.8502   70  132 11360.3400 10388.8283  8.55%   116 2361s
 41770 22971 10660.7050   46  196 11360.3400 10388.8830  8.55%   116 2369s
 41829 23021 11091.7540   59  203 11360.3400 10389.0572  8.55%   116 2378s
